# x diff_coh_minus_th_M4 diff_coh_minus_th_M8 ; kernel_max_dev=5.2793e-03 first_order=1.0000e-01 maxdiff_M4=6.4797e-03 maxdiff_M8=1.1230e-02
0.000000e+00 2.406689e-05 -2.372763e-03
1.953125e-01 -1.001455e-04 -2.369986e-03
3.906250e-01 -2.531257e-04 -2.370960e-03
5.859375e-01 -4.264605e-04 -2.376057e-03
7.812500e-01 -6.111754e-04 -2.385432e-03
9.765625e-01 -7.985609e-04 -2.399014e-03
1.171875e+00 -9.807904e-04 -2.416512e-03
1.367188e+00 -1.151298e-03 -2.437451e-03
1.562500e+00 -1.304939e-03 -2.461220e-03
1.757812e+00 -1.437990e-03 -2.487124e-03
1.953125e+00 -1.548037e-03 -2.514445e-03
2.148438e+00 -1.633822e-03 -2.542494e-03
2.343750e+00 -1.695074e-03 -2.570653e-03
2.539062e+00 -1.732368e-03 -2.598398e-03
2.734375e+00 -1.747009e-03 -2.625313e-03
2.929688e+00 -1.740961e-03 -2.651074e-03
3.125000e+00 -1.716813e-03 -2.675424e-03
3.320312e+00 -1.677754e-03 -2.698134e-03
3.515625e+00 -1.627546e-03 -2.718963e-03
3.710938e+00 -1.570455e-03 -2.737625e-03
3.906250e+00 -1.511109e-03 -2.753781e-03
4.101562e+00 -1.454270e-03 -2.767056e-03
4.296875e+00 -1.404506e-03 -2.777083e-03
4.492188e+00 -1.365810e-03 -2.783572e-03
4.687500e+00 -1.341212e-03 -2.786385e-03
4.882812e+00 -1.332461e-03 -2.785606e-03
5.078125e+00 -1.339851e-03 -2.781576e-03
5.273438e+00 -1.362234e-03 -2.774902e-03
5.468750e+00 -1.397220e-03 -2.766413e-03
5.664062e+00 -1.441529e-03 -2.757094e-03
5.859375e+00 -1.491417e-03 -2.747989e-03
6.054688e+00 -1.543106e-03 -2.740113e-03
6.250000e+00 -1.593131e-03 -2.734370e-03
6.445312e+00 -1.638591e-03 -2.731491e-03
6.640625e+00 -1.677276e-03 -2.732006e-03
6.835938e+00 -1.707696e-03 -2.736237e-03
7.031250e+00 -1.729044e-03 -2.744308e-03
7.226562e+00 -1.741124e-03 -2.756168e-03
7.421875e+00 -1.744263e-03 -2.771619e-03
7.617188e+00 -1.739240e-03 -2.790344e-03
7.812500e+00 -1.727213e-03 -2.811927e-03
8.007812e+00 -1.709652e-03 -2.835876e-03
8.203125e+00 -1.688249e-03 -2.861639e-03
8.398438e+00 -1.664805e-03 -2.888622e-03
8.593750e+00 -1.641089e-03 -2.916206e-03
8.789062e+00 -1.618668e-03 -2.943767e-03
8.984375e+00 -1.598748e-03 -2.970694e-03
9.179688e+00 -1.582045e-03 -2.996406e-03
9.375000e+00 -1.568720e-03 -3.020368e-03
9.570312e+00 -1.558390e-03 -3.042092e-03
9.765625e+00 -1.550222e-03 -3.061135e-03
9.960938e+00 -1.543090e-03 -3.077086e-03
1.015625e+01 -1.535758e-03 -3.089546e-03
1.035156e+01 -1.527069e-03 -3.098100e-03
1.054688e+01 -1.516099e-03 -3.102296e-03
1.074219e+01 -1.502268e-03 -3.101627e-03
1.093750e+01 -1.485393e-03 -3.095532e-03
1.113281e+01 -1.465683e-03 -3.083407e-03
1.132812e+01 -1.443684e-03 -3.064647e-03
1.152344e+01 -1.420177e-03 -3.038695e-03
1.171875e+01 -1.396030e-03 -3.005105e-03
1.191406e+01 -1.372040e-03 -2.963603e-03
1.210938e+01 -1.348757e-03 -2.914136e-03
1.230469e+01 -1.326349e-03 -2.856897e-03
1.250000e+01 -1.304502e-03 -2.792313e-03
1.269531e+01 -1.282418e-03 -2.721014e-03
1.289062e+01 -1.258885e-03 -2.643769e-03
1.308594e+01 -1.232445e-03 -2.561412e-03
1.328125e+01 -1.201623e-03 -2.474767e-03
1.347656e+01 -1.165177e-03 -2.384594e-03
1.367188e+01 -1.122332e-03 -2.291553e-03
1.386719e+01 -1.072953e-03 -2.196194e-03
1.406250e+01 -1.017617e-03 -2.098972e-03
1.425781e+01 -9.575849e-04 -2.000275e-03
1.445312e+01 -8.946528e-04 -1.900462e-03
1.464844e+01 -8.309237e-04 -1.799890e-03
1.484375e+01 -7.685271e-04 -1.698938e-03
1.503906e+01 -7.093356e-04 -1.598005e-03
1.523438e+01 -6.547253e-04 -1.497497e-03
1.542969e+01 -6.054215e-04 -1.397811e-03
1.562500e+01 -5.614526e-04 -1.299304e-03
1.582031e+01 -5.222170e-04 -1.202281e-03
1.601562e+01 -4.866454e-04 -1.106998e-03
1.621094e+01 -4.534253e-04 -1.013683e-03
1.640625e+01 -4.212428e-04 -9.225889e-04
1.660156e+01 -3.890004e-04 -8.340513e-04
1.679688e+01 -3.559738e-04 -7.485604e-04
1.699219e+01 -3.218887e-04 -6.668221e-04
1.718750e+01 -2.869134e-04 -5.898001e-04
1.738281e+01 -2.515796e-04 -5.187292e-04
1.757812e+01 -2.166555e-04 -4.550968e-04
1.777344e+01 -1.830030e-04 -4.005971e-04
1.796875e+01 -1.514461e-04 -3.570646e-04
1.816406e+01 -1.226789e-04 -3.263992e-04
1.835938e+01 -9.722446e-05 -3.104912e-04
1.855469e+01 -7.544902e-05 -3.111500e-04
1.875000e+01 -5.762342e-05 -3.300363e-04
1.894531e+01 -4.401360e-05 -3.685921e-04
1.914062e+01 -3.497880e-05 -4.279621e-04
1.933594e+01 -3.105456e-05 -5.089009e-04
1.953125e+01 -3.300179e-05 -6.116698e-04
1.972656e+01 -4.181037e-05 -7.359329e-04
1.992188e+01 -5.865395e-05 -8.806696e-04
2.011719e+01 -8.480178e-05 -1.044128e-03
2.031250e+01 -1.214998e-04 -1.223835e-03
2.050781e+01 -1.698378e-04 -1.416685e-03
2.070312e+01 -2.306202e-04 -1.619097e-03
2.089844e+01 -3.042565e-04 -1.827231e-03
2.109375e+01 -3.906843e-04 -2.037238e-03
2.128906e+01 -4.893317e-04 -2.245512e-03
2.148438e+01 -5.991222e-04 -2.448904e-03
2.167969e+01 -7.185201e-04 -2.644879e-03
2.187500e+01 -8.456129e-04 -2.831604e-03
2.207031e+01 -9.782193e-04 -3.007949e-03
2.226562e+01 -1.114016e-03 -3.173427e-03
2.246094e+01 -1.250666e-03 -3.328073e-03
2.265625e+01 -1.385941e-03 -3.472292e-03
2.285156e+01 -1.517827e-03 -3.606696e-03
2.304688e+01 -1.644597e-03 -3.731955e-03
2.324219e+01 -1.764870e-03 -3.848678e-03
2.343750e+01 -1.877639e-03 -3.957338e-03
2.363281e+01 -1.982291e-03 -4.058245e-03
2.382812e+01 -2.078612e-03 -4.151568e-03
2.402344e+01 -2.166777e-03 -4.237386e-03
2.421875e+01 -2.247343e-03 -4.315767e-03
2.441406e+01 -2.321210e-03 -4.386849e-03
2.460938e+01 -2.389570e-03 -4.450912e-03
2.480469e+01 -2.453839e-03 -4.508433e-03
2.500000e+01 -2.515563e-03 -4.560100e-03
2.519531e+01 -2.576318e-03 -4.606803e-03
2.539062e+01 -2.637601e-03 -4.649589e-03
2.558594e+01 -2.700738e-03 -4.689579e-03
2.578125e+01 -2.766810e-03 -4.727882e-03
2.597656e+01 -2.836611e-03 -4.765495e-03
2.617188e+01 -2.910644e-03 -4.803215e-03
2.636719e+01 -2.989152e-03 -4.841573e-03
2.656250e+01 -3.072180e-03 -4.880805e-03
2.675781e+01 -3.159654e-03 -4.920861e-03
2.695312e+01 -3.251460e-03 -4.961456e-03
2.714844e+01 -3.347508e-03 -5.002149e-03
2.734375e+01 -3.447781e-03 -5.042441e-03
2.753906e+01 -3.552337e-03 -5.081875e-03
2.773438e+01 -3.661292e-03 -5.120121e-03
2.792969e+01 -3.774762e-03 -5.157028e-03
2.812500e+01 -3.892800e-03 -5.192644e-03
2.832031e+01 -4.015308e-03 -5.227193e-03
2.851562e+01 -4.141969e-03 -5.261019e-03
2.871094e+01 -4.272180e-03 -5.294511e-03
2.890625e+01 -4.405021e-03 -5.328009e-03
2.910156e+01 -4.539255e-03 -5.361726e-03
2.929688e+01 -4.673370e-03 -5.395680e-03
2.949219e+01 -4.805651e-03 -5.429662e-03
2.968750e+01 -4.934292e-03 -5.463218e-03
2.988281e+01 -5.057522e-03 -5.495684e-03
3.007812e+01 -5.173734e-03 -5.526219e-03
3.027344e+01 -5.281597e-03 -5.553881e-03
3.046875e+01 -5.380140e-03 -5.577690e-03
3.066406e+01 -5.468795e-03 -5.596706e-03
3.085938e+01 -5.547402e-03 -5.610097e-03
3.105469e+01 -5.616169e-03 -5.617191e-03
3.125000e+01 -5.675613e-03 -5.617521e-03
3.144531e+01 -5.726475e-03 -5.610842e-03
3.164062e+01 -5.769642e-03 -5.597135e-03
3.183594e+01 -5.806060e-03 -5.576583e-03
3.203125e+01 -5.836660e-03 -5.549532e-03
3.222656e+01 -5.862296e-03 -5.516440e-03
3.242188e+01 -5.883680e-03 -5.477813e-03
3.261719e+01 -5.901335e-03 -5.434146e-03
3.281250e+01 -5.915541e-03 -5.385872e-03
3.300781e+01 -5.926301e-03 -5.333326e-03
3.320312e+01 -5.933315e-03 -5.276723e-03
3.339844e+01 -5.935979e-03 -5.216160e-03
3.359375e+01 -5.933411e-03 -5.151637e-03
3.378906e+01 -5.924517e-03 -5.083078e-03
3.398438e+01 -5.908078e-03 -5.010374e-03
3.417969e+01 -5.882862e-03 -4.933414e-03
3.437500e+01 -5.847744e-03 -4.852110e-03
3.457031e+01 -5.801823e-03 -4.766425e-03
3.476562e+01 -5.744510e-03 -4.676374e-03
3.496094e+01 -5.675593e-03 -4.582034e-03
3.515625e+01 -5.595271e-03 -4.483535e-03
3.535156e+01 -5.504148e-03 -4.381054e-03
3.554688e+01 -5.403212e-03 -4.274809e-03
3.574219e+01 -5.293775e-03 -4.165051e-03
3.593750e+01 -5.177410e-03 -4.052067e-03
3.613281e+01 -5.055856e-03 -3.936175e-03
3.632812e+01 -4.930918e-03 -3.817729e-03
3.652344e+01 -4.804353e-03 -3.697116e-03
3.671875e+01 -4.677762e-03 -3.574754e-03
3.691406e+01 -4.552489e-03 -3.451084e-03
3.710938e+01 -4.429546e-03 -3.326553e-03
3.730469e+01 -4.309564e-03 -3.201605e-03
3.750000e+01 -4.192787e-03 -3.076653e-03
3.769531e+01 -4.079089e-03 -2.952070e-03
3.789062e+01 -3.968035e-03 -2.828167e-03
3.808594e+01 -3.858952e-03 -2.705189e-03
3.828125e+01 -3.751018e-03 -2.583313e-03
3.847656e+01 -3.643346e-03 -2.462654e-03
3.867188e+01 -3.535059e-03 -2.343286e-03
3.886719e+01 -3.425334e-03 -2.225253e-03
3.906250e+01 -3.313429e-03 -2.108599e-03
3.925781e+01 -3.198676e-03 -1.993389e-03
3.945312e+01 -3.080465e-03 -1.879727e-03
3.964844e+01 -2.958222e-03 -1.767770e-03
3.984375e+01 -2.831385e-03 -1.657729e-03
4.003906e+01 -2.699394e-03 -1.549865e-03
4.023438e+01 -2.561691e-03 -1.444466e-03
4.042969e+01 -2.417732e-03 -1.341833e-03
4.062500e+01 -2.267001e-03 -1.242257e-03
4.082031e+01 -2.109039e-03 -1.146001e-03
4.101562e+01 -1.943472e-03 -1.053297e-03
4.121094e+01 -1.770034e-03 -9.643339e-04
4.140625e+01 -1.588607e-03 -8.792668e-04
4.160156e+01 -1.399244e-03 -7.982087e-04
4.179688e+01 -1.202195e-03 -7.212245e-04
4.199219e+01 -9.979252e-04 -6.483133e-04
4.218750e+01 -7.871173e-04 -5.793839e-04
4.238281e+01 -5.706542e-04 -5.142266e-04
4.257812e+01 -3.495862e-04 -4.524879e-04
4.277344e+01 -1.250768e-04 -3.936522e-04
4.296875e+01 1.016653e-04 -3.370358e-04
4.316406e+01 3.294630e-04 -2.817927e-04
4.335938e+01 5.572450e-04 -2.269335e-04
4.355469e+01 7.841098e-04 -1.713516e-04
4.375000e+01 1.009368e-03 -1.138550e-04
4.394531e+01 1.232559e-03 -5.320005e-05
4.414062e+01 1.453439e-03 1.187444e-05
4.433594e+01 1.671944e-03 8.261344e-05
4.453125e+01 1.888131e-03 1.602115e-04
4.472656e+01 2.102111e-03 2.457777e-04
4.492188e+01 2.313978e-03 3.402995e-04
4.511719e+01 2.523756e-03 4.446058e-04
4.531250e+01 2.731354e-03 5.593309e-04
4.550781e+01 2.936545e-03 6.848797e-04
4.570312e+01 3.138963e-03 8.213977e-04
4.589844e+01 3.338120e-03 9.687433e-04
4.609375e+01 3.533424e-03 1.126465e-03
4.628906e+01 3.724205e-03 1.293779e-03
4.648438e+01 3.909738e-03 1.469552e-03
4.667969e+01 4.089251e-03 1.652274e-03
4.687500e+01 4.261931e-03 1.840037e-03
4.707031e+01 4.426929e-03 2.030500e-03
4.726562e+01 4.583353e-03 2.220854e-03
4.746094e+01 4.730267e-03 2.407774e-03
4.765625e+01 4.866698e-03 2.587375e-03
4.785156e+01 4.991630e-03 2.755159e-03
4.804688e+01 5.104002e-03 2.905978e-03
4.824219e+01 5.202693e-03 3.034019e-03
4.843750e+01 5.286502e-03 3.132844e-03
4.863281e+01 5.354117e-03 3.195522e-03
4.882812e+01 5.404101e-03 3.214896e-03
4.902344e+01 5.434913e-03 3.184063e-03
4.921875e+01 5.444973e-03 3.097082e-03
4.941406e+01 5.432802e-03 2.949935e-03
4.960938e+01 5.397220e-03 2.741640e-03
4.980469e+01 5.337580e-03 2.475302e-03
5.000000e+01 5.253997e-03 2.158775e-03
5.019531e+01 5.147515e-03 1.804563e-03
5.039062e+01 5.020176e-03 1.428736e-03
5.058594e+01 4.874956e-03 1.048952e-03
5.078125e+01 4.715575e-03 6.820407e-04
5.097656e+01 4.546226e-03 3.417983e-04
5.117188e+01 4.371261e-03 3.756583e-05
5.136719e+01 4.194897e-03 -2.261797e-04
5.156250e+01 4.020956e-03 -4.493454e-04
5.175781e+01 3.852660e-03 -6.352011e-04
5.195312e+01 3.692470e-03 -7.891896e-04
5.214844e+01 3.541954e-03 -9.178446e-04
5.234375e+01 3.401683e-03 -1.027958e-03
5.253906e+01 3.271176e-03 -1.126025e-03
5.273438e+01 3.148908e-03 -1.217934e-03
5.292969e+01 3.032405e-03 -1.308846e-03
5.312500e+01 2.918445e-03 -1.403191e-03
5.332031e+01 2.803338e-03 -1.504745e-03
5.351562e+01 2.683282e-03 -1.616732e-03
5.371094e+01 2.554733e-03 -1.741917e-03
5.390625e+01 2.414754e-03 -1.882668e-03
5.410156e+01 2.261316e-03 -2.040955e-03
5.429688e+01 2.093497e-03 -2.218274e-03
5.449219e+01 1.911602e-03 -2.415498e-03
5.468750e+01 1.717164e-03 -2.632676e-03
5.488281e+01 1.512860e-03 -2.868816e-03
5.507812e+01 1.302337e-03 -3.121715e-03
5.527344e+01 1.089974e-03 -3.387894e-03
5.546875e+01 8.805845e-04 -3.662677e-03
5.566406e+01 6.791032e-04 -3.940456e-03
5.585938e+01 4.902652e-04 -4.215095e-03
5.605469e+01 3.183117e-04 -4.480439e-03
5.625000e+01 1.667431e-04 -4.730834e-03
5.644531e+01 3.813572e-05 -4.961566e-03
5.664062e+01 -6.596744e-05 -5.169172e-03
5.683594e+01 -1.450904e-04 -5.351575e-03
5.703125e+01 -1.997875e-04 -5.508062e-03
5.722656e+01 -2.315449e-04 -5.639133e-03
5.742188e+01 -2.426348e-04 -5.746266e-03
5.761719e+01 -2.359323e-04 -5.831651e-03
5.781250e+01 -2.147087e-04 -5.897916e-03
5.800781e+01 -1.824102e-04 -5.947876e-03
5.820312e+01 -1.424328e-04 -5.984324e-03
5.839844e+01 -9.790466e-05 -6.009859e-03
5.859375e+01 -5.149169e-05 -6.026761e-03
5.878906e+01 -5.243467e-06 -6.036903e-03
5.898438e+01 3.950154e-05 -6.041712e-03
5.917969e+01 8.213792e-05 -6.042152e-03
5.937500e+01 1.227377e-04 -6.038744e-03
5.957031e+01 1.619259e-04 -6.031601e-03
5.976562e+01 2.007076e-04 -6.020487e-03
5.996094e+01 2.402785e-04 -6.004882e-03
6.015625e+01 2.818486e-04 -5.984054e-03
6.035156e+01 3.265092e-04 -5.957142e-03
6.054688e+01 3.751560e-04 -5.923221e-03
6.074219e+01 4.284710e-04 -5.881375e-03
6.093750e+01 4.869481e-04 -5.830757e-03
6.113281e+01 5.509408e-04 -5.770631e-03
6.132812e+01 6.207050e-04 -5.700415e-03
6.152344e+01 6.964142e-04 -5.619696e-03
6.171875e+01 7.781385e-04 -5.528239e-03
6.191406e+01 8.657893e-04 -5.425994e-03
6.210938e+01 9.590513e-04 -5.313079e-03
6.230469e+01 1.057331e-03 -5.189779e-03
6.250000e+01 1.159758e-03 -5.056534e-03
6.269531e+01 1.265261e-03 -4.913945e-03
6.289062e+01 1.372739e-03 -4.762779e-03
6.308594e+01 1.481300e-03 -4.603996e-03
6.328125e+01 1.590531e-03 -4.438770e-03
6.347656e+01 1.700745e-03 -4.268519e-03
6.367188e+01 1.813121e-03 -4.094914e-03
6.386719e+01 1.929684e-03 -3.919866e-03
6.406250e+01 2.053078e-03 -3.745486e-03
6.425781e+01 2.186151e-03 -3.573994e-03
6.445312e+01 2.331373e-03 -3.407608e-03
6.464844e+01 2.490171e-03 -3.248413e-03
6.484375e+01 2.662274e-03 -3.098230e-03
6.503906e+01 2.845182e-03 -2.958516e-03
6.523438e+01 3.033847e-03 -2.830306e-03
6.542969e+01 3.220671e-03 -2.714193e-03
6.562500e+01 3.395892e-03 -2.610365e-03
6.582031e+01 3.548386e-03 -2.518660e-03
6.601562e+01 3.666858e-03 -2.438643e-03
6.621094e+01 3.741286e-03 -2.369678e-03
6.640625e+01 3.764406e-03 -2.310993e-03
6.660156e+01 3.732934e-03 -2.261730e-03
6.679688e+01 3.648248e-03 -2.220978e-03
6.699219e+01 3.516357e-03 -2.187806e-03
6.718750e+01 3.347137e-03 -2.161287e-03
6.738281e+01 3.153000e-03 -2.140521e-03
6.757812e+01 2.947289e-03 -2.124668e-03
6.777344e+01 2.742714e-03 -2.112974e-03
6.796875e+01 2.550085e-03 -2.104795e-03
6.816406e+01 2.377490e-03 -2.099618e-03
6.835938e+01 2.229949e-03 -2.097075e-03
6.855469e+01 2.109484e-03 -2.096932e-03
6.875000e+01 2.015515e-03 -2.099081e-03
6.894531e+01 1.945476e-03 -2.103504e-03
6.914062e+01 1.895542e-03 -2.110235e-03
6.933594e+01 1.861374e-03 -2.119305e-03
6.953125e+01 1.838800e-03 -2.130690e-03
6.972656e+01 1.824352e-03 -2.144266e-03
6.992188e+01 1.815597e-03 -2.159773e-03
7.011719e+01 1.811247e-03 -2.176804e-03
7.031250e+01 1.811053e-03 -2.194820e-03
7.050781e+01 1.815533e-03 -2.213181e-03
7.070312e+01 1.825615e-03 -2.231199e-03
7.089844e+01 1.842259e-03 -2.248208e-03
7.109375e+01 1.866149e-03 -2.263621e-03
7.128906e+01 1.897481e-03 -2.276994e-03
7.148438e+01 1.935880e-03 -2.288063e-03
7.167969e+01 1.980424e-03 -2.296773e-03
7.187500e+01 2.029769e-03 -2.303278e-03
7.207031e+01 2.082316e-03 -2.307931e-03
7.226562e+01 2.136416e-03 -2.311247e-03
7.246094e+01 2.190567e-03 -2.313870e-03
7.265625e+01 2.243604e-03 -2.316518e-03
7.285156e+01 2.294855e-03 -2.319938e-03
7.304688e+01 2.344265e-03 -2.324858e-03
7.324219e+01 2.392465e-03 -2.331947e-03
7.343750e+01 2.440779e-03 -2.341781e-03
7.363281e+01 2.491148e-03 -2.354818e-03
7.382812e+01 2.545974e-03 -2.371389e-03
7.402344e+01 2.607892e-03 -2.391696e-03
7.421875e+01 2.679482e-03 -2.415811e-03
7.441406e+01 2.762988e-03 -2.443697e-03
7.460938e+01 2.860046e-03 -2.475219e-03
7.480469e+01 2.971505e-03 -2.510161e-03
7.500000e+01 3.097337e-03 -2.548242e-03
7.519531e+01 3.236657e-03 -2.589123e-03
7.539062e+01 3.387855e-03 -2.632408e-03
7.558594e+01 3.548786e-03 -2.677638e-03
7.578125e+01 3.717014e-03 -2.724281e-03
7.597656e+01 3.890040e-03 -2.771720e-03
7.617188e+01 4.065496e-03 -2.819241e-03
7.636719e+01 4.241278e-03 -2.866032e-03
7.656250e+01 4.415591e-03 -2.911185e-03
7.675781e+01 4.586936e-03 -2.953718e-03
7.695312e+01 4.754037e-03 -2.992598e-03
7.714844e+01 4.915737e-03 -3.026770e-03
7.734375e+01 5.070894e-03 -3.055198e-03
7.753906e+01 5.218306e-03 -3.076891e-03
7.773438e+01 5.356677e-03 -3.090936e-03
7.792969e+01 5.484635e-03 -3.096527e-03
7.812500e+01 5.600825e-03 -3.092984e-03
7.832031e+01 5.704040e-03 -3.079791e-03
7.851562e+01 5.793393e-03 -3.056627e-03
7.871094e+01 5.868485e-03 -3.023401e-03
7.890625e+01 5.929550e-03 -2.980298e-03
7.910156e+01 5.977533e-03 -2.927809e-03
7.929688e+01 6.014085e-03 -2.866747e-03
7.949219e+01 6.041460e-03 -2.798247e-03
7.968750e+01 6.062329e-03 -2.723726e-03
7.988281e+01 6.079532e-03 -2.644815e-03
8.007812e+01 6.095803e-03 -2.563248e-03
8.027344e+01 6.113516e-03 -2.480742e-03
8.046875e+01 6.134474e-03 -2.398842e-03
8.066406e+01 6.159772e-03 -2.318796e-03
8.085938e+01 6.189749e-03 -2.241438e-03
8.105469e+01 6.224021e-03 -2.167129e-03
8.125000e+01 6.261575e-03 -2.095759e-03
8.144531e+01 6.300921e-03 -2.026809e-03
8.164062e+01 6.340266e-03 -1.959466e-03
8.183594e+01 6.377695e-03 -1.892781e-03
8.203125e+01 6.411344e-03 -1.825830e-03
8.222656e+01 6.439546e-03 -1.757875e-03
8.242188e+01 6.460937e-03 -1.688484e-03
8.261719e+01 6.474524e-03 -1.617609e-03
8.281250e+01 6.479683e-03 -1.545627e-03
8.300781e+01 6.476121e-03 -1.473320e-03
8.320312e+01 6.463773e-03 -1.401825e-03
8.339844e+01 6.442677e-03 -1.332551e-03
8.359375e+01 6.412843e-03 -1.267070e-03
8.378906e+01 6.374129e-03 -1.206991e-03
8.398438e+01 6.326166e-03 -1.153836e-03
8.417969e+01 6.268326e-03 -1.108906e-03
8.437500e+01 6.199759e-03 -1.073177e-03
8.457031e+01 6.119464e-03 -1.047207e-03
8.476562e+01 6.026417e-03 -1.031083e-03
8.496094e+01 5.919700e-03 -1.024409e-03
8.515625e+01 5.798640e-03 -1.026327e-03
8.535156e+01 5.662922e-03 -1.035591e-03
8.554688e+01 5.512672e-03 -1.050657e-03
8.574219e+01 5.348496e-03 -1.069800e-03
8.593750e+01 5.171476e-03 -1.091234e-03
8.613281e+01 4.983117e-03 -1.113217e-03
8.632812e+01 4.785266e-03 -1.134147e-03
8.652344e+01 4.579988e-03 -1.152614e-03
8.671875e+01 4.369447e-03 -1.167437e-03
8.691406e+01 4.155766e-03 -1.177663e-03
8.710938e+01 3.940913e-03 -1.182553e-03
8.730469e+01 3.726601e-03 -1.181545e-03
8.750000e+01 3.514213e-03 -1.174224e-03
8.769531e+01 3.304759e-03 -1.160291e-03
8.789062e+01 3.098867e-03 -1.139540e-03
8.808594e+01 2.896795e-03 -1.111845e-03
8.828125e+01 2.698489e-03 -1.077159e-03
8.847656e+01 2.503662e-03 -1.035511e-03
8.867188e+01 2.311914e-03 -9.869995e-04
8.886719e+01 2.122862e-03 -9.317919e-04
8.906250e+01 1.936284e-03 -8.701034e-04
8.925781e+01 1.752244e-03 -8.021795e-04
8.945312e+01 1.571170e-03 -7.282752e-04
8.964844e+01 1.393890e-03 -6.486390e-04
8.984375e+01 1.221596e-03 -5.635064e-04
9.003906e+01 1.055745e-03 -4.731083e-04
9.023438e+01 8.979209e-04 -3.776923e-04
9.042969e+01 7.496733e-04 -2.775569e-04
9.062500e+01 6.123550e-04 -1.730911e-04
9.082031e+01 4.869861e-04 -6.481190e-05
9.101562e+01 3.741562e-04 4.660787e-05
9.121094e+01 2.739727e-04 1.603294e-04
9.140625e+01 1.860527e-04 2.753582e-04
9.160156e+01 1.095537e-04 3.905752e-04
9.179688e+01 4.323127e-05 5.047850e-04
9.199219e+01 -1.448305e-05 6.167753e-04
9.218750e+01 -6.539304e-05 7.253778e-04
9.238281e+01 -1.114426e-04 8.295244e-04
9.257812e+01 -1.546190e-04 9.282909e-04
9.277344e+01 -1.968589e-04 1.020924e-03
9.296875e+01 -2.399621e-04 1.106846e-03
9.316406e+01 -2.855205e-04 1.185647e-03
9.335938e+01 -3.348681e-04 1.257050e-03
9.355469e+01 -3.890575e-04 1.320864e-03
9.375000e+01 -4.488638e-04 1.376936e-03
9.394531e+01 -5.148131e-04 1.425087e-03
9.414062e+01 -5.872268e-04 1.465065e-03
9.433594e+01 -6.662721e-04 1.496506e-03
9.453125e+01 -7.520058e-04 1.518924e-03
9.472656e+01 -8.444041e-04 1.531717e-03
9.492188e+01 -9.433728e-04 1.534213e-03
9.511719e+01 -1.048739e-03 1.525728e-03
9.531250e+01 -1.160231e-03 1.505636e-03
9.550781e+01 -1.277447e-03 1.473437e-03
9.570312e+01 -1.399830e-03 1.428807e-03
9.589844e+01 -1.526651e-03 1.371623e-03
9.609375e+01 -1.657005e-03 1.301953e-03
9.628906e+01 -1.789822e-03 1.220028e-03
9.648438e+01 -1.923905e-03 1.126195e-03
9.667969e+01 -2.057976e-03 1.020877e-03
9.687500e+01 -2.190751e-03 9.045392e-04
9.707031e+01 -2.321014e-03 7.776771e-04
9.726562e+01 -2.447703e-03 6.408236e-04
9.746094e+01 -2.569995e-03 4.945717e-04
9.765625e+01 -2.687379e-03 3.396062e-04
9.785156e+01 -2.799698e-03 1.767387e-04
9.804688e+01 -2.907176e-03 6.942378e-06
9.824219e+01 -3.010385e-03 -1.686167e-04
9.843750e+01 -3.110186e-03 -3.485549e-04
9.863281e+01 -3.207619e-03 -5.312582e-04
9.882812e+01 -3.303769e-03 -7.148886e-04
9.902344e+01 -3.399614e-03 -8.974185e-04
9.921875e+01 -3.495878e-03 -1.076699e-03
9.941406e+01 -3.592915e-03 -1.250563e-03
9.960938e+01 -3.690628e-03 -1.416951e-03
9.980469e+01 -3.788438e-03 -1.574053e-03
1.000000e+02 -3.885310e-03 -1.720425e-03
1.001953e+02 -3.979817e-03 -1.855088e-03
1.003906e+02 -4.070243e-03 -1.977561e-03
1.005859e+02 -4.154692e-03 -2.087847e-03
1.007812e+02 -4.231207e-03 -2.186362e-03
1.009766e+02 -4.297876e-03 -2.273823e-03
1.011719e+02 -4.352929e-03 -2.351126e-03
1.013672e+02 -4.394815e-03 -2.419212e-03
1.015625e+02 -4.422273e-03 -2.478953e-03
1.017578e+02 -4.434393e-03 -2.531064e-03
1.019531e+02 -4.430657e-03 -2.576041e-03
1.021484e+02 -4.410965e-03 -2.614144e-03
1.023438e+02 -4.375636e-03 -2.645395e-03
1.025391e+02 -4.325372e-03 -2.669620e-03
1.027344e+02 -4.261192e-03 -2.686499e-03
1.029297e+02 -4.184333e-03 -2.695634e-03
1.031250e+02 -4.096146e-03 -2.696618e-03
1.033203e+02 -3.997995e-03 -2.689104e-03
1.035156e+02 -3.891174e-03 -2.672861e-03
1.037109e+02 -3.776861e-03 -2.647814e-03
1.039062e+02 -3.656118e-03 -2.614077e-03
1.041016e+02 -3.529919e-03 -2.571965e-03
1.042969e+02 -3.399205e-03 -2.522003e-03
1.044922e+02 -3.264947e-03 -2.464920e-03
1.046875e+02 -3.128206e-03 -2.401633e-03
1.048828e+02 -2.990161e-03 -2.333218e-03
1.050781e+02 -2.852120e-03 -2.260871e-03
1.052734e+02 -2.715495e-03 -2.185849e-03
1.054688e+02 -2.581748e-03 -2.109404e-03
1.056641e+02 -2.452318e-03 -2.032708e-03
1.058594e+02 -2.328542e-03 -1.956785e-03
1.060547e+02 -2.211568e-03 -1.882443e-03
1.062500e+02 -2.102278e-03 -1.810236e-03
1.064453e+02 -2.001231e-03 -1.740437e-03
1.066406e+02 -1.908623e-03 -1.673042e-03
1.068359e+02 -1.824269e-03 -1.607790e-03
1.070312e+02 -1.747608e-03 -1.544206e-03
1.072266e+02 -1.677733e-03 -1.481659e-03
1.074219e+02 -1.613437e-03 -1.419419e-03
1.076172e+02 -1.553276e-03 -1.356729e-03
1.078125e+02 -1.495649e-03 -1.292868e-03
1.080078e+02 -1.438875e-03 -1.227211e-03
1.082031e+02 -1.381286e-03 -1.159283e-03
1.083984e+02 -1.321299e-03 -1.088803e-03
1.085938e+02 -1.257489e-03 -1.015707e-03
1.087891e+02 -1.188642e-03 -9.401685e-04
1.089844e+02 -1.113792e-03 -8.625862e-04
1.091797e+02 -1.032249e-03 -7.835685e-04
1.093750e+02 -9.436143e-04 -7.038966e-04
1.095703e+02 -8.477838e-04 -6.244811e-04
1.097656e+02 -7.449537e-04 -5.463138e-04
1.099609e+02 -6.356168e-04 -4.704187e-04
1.101562e+02 -5.205517e-04 -3.978048e-04
1.103516e+02 -4.008006e-04 -3.294213e-04
1.105469e+02 -2.776299e-04 -2.661157e-04
1.107422e+02 -1.524699e-04 -2.085929e-04
1.109375e+02 -2.683569e-05 -1.573762e-04
1.111328e+02 9.776535e-05 -1.127714e-04
1.113281e+02 2.199275e-04 -7.483671e-05
1.115234e+02 3.384273e-04 -4.336353e-05
1.117188e+02 4.522773e-04 -1.787344e-05
1.119141e+02 5.607422e-04 2.363034e-06
1.121094e+02 6.633170e-04 1.828147e-05
1.123047e+02 7.596724e-04 3.095062e-05
1.125000e+02 8.495826e-04 4.147393e-05
1.126953e+02 9.328512e-04 5.087280e-05
1.128906e+02 1.009253e-03 5.996400e-05
1.130859e+02 1.078499e-03 6.924724e-05
1.132812e+02 1.140240e-03 7.882069e-05
1.134766e+02 1.194090e-03 8.834014e-05
1.136719e+02 1.239672e-03 9.703296e-05
1.138672e+02 1.276679e-03 1.037697e-04
1.140625e+02 1.304923e-03 1.071874e-04
1.142578e+02 1.324369e-03 1.058490e-04
1.144531e+02 1.335146e-03 9.841668e-05
1.146484e+02 1.337522e-03 8.381392e-05
1.148438e+02 1.331850e-03 6.135127e-05
1.150391e+02 1.318489e-03 3.079907e-05
1.152344e+02 1.297708e-03 -7.601138e-06
1.154297e+02 1.269605e-03 -5.318285e-05
1.156250e+02 1.234046e-03 -1.049446e-04
1.158203e+02 1.190658e-03 -1.616636e-04
1.160156e+02 1.138874e-03 -2.220117e-04
1.162109e+02 1.078051e-03 -2.846557e-04
1.164062e+02 1.007622e-03 -3.483311e-04
1.166016e+02 9.272776e-04 -4.118888e-04
1.167969e+02 8.371282e-04 -4.743185e-04
1.169922e+02 7.378216e-04 -5.347585e-04
1.171875e+02 6.305854e-04 -5.925021e-04
1.173828e+02 5.171856e-04 -6.470045e-04
1.175781e+02 3.998108e-04 -6.978912e-04
1.177734e+02 2.809029e-04 -7.449652e-04
1.179688e+02 1.629647e-04 -7.882059e-04
1.181641e+02 4.837407e-05 -8.277577e-04
1.183594e+02 -6.077359e-05 -8.639082e-04
1.185547e+02 -1.627840e-04 -8.970610e-04
1.187500e+02 -2.564411e-04 -9.277087e-04
1.189453e+02 -3.410468e-04 -9.564114e-04
1.191406e+02 -4.164286e-04 -9.837822e-04
1.193359e+02 -4.829178e-04 -1.010478e-03
1.195312e+02 -5.412977e-04 -1.037193e-03
1.197266e+02 -5.927203e-04 -1.064643e-03
1.199219e+02 -6.385911e-04 -1.093551e-03
1.201172e+02 -6.804280e-04 -1.124614e-03
1.203125e+02 -7.197064e-04 -1.158475e-03
1.205078e+02 -7.577094e-04 -1.195680e-03
1.207031e+02 -7.954063e-04 -1.236638e-03
1.208984e+02 -8.333800e-04 -1.281584e-03
1.210938e+02 -8.718154e-04 -1.330535e-03
1.212891e+02 -9.105519e-04 -1.383266e-03
1.214844e+02 -9.491881e-04 -1.439288e-03
1.216797e+02 -9.872182e-04 -1.497845e-03
1.218750e+02 -1.024176e-03 -1.557930e-03
1.220703e+02 -1.059759e-03 -1.618326e-03
1.222656e+02 -1.093915e-03 -1.677662e-03
1.224609e+02 -1.126884e-03 -1.734491e-03
1.226562e+02 -1.159176e-03 -1.787367e-03
1.228516e+02 -1.191513e-03 -1.834922e-03
1.230469e+02 -1.224717e-03 -1.875928e-03
1.232422e+02 -1.259571e-03 -1.909341e-03
1.234375e+02 -1.296661e-03 -1.934327e-03
1.236328e+02 -1.336217e-03 -1.950264e-03
1.238281e+02 -1.377985e-03 -1.956748e-03
1.240234e+02 -1.421140e-03 -1.953578e-03
1.242188e+02 -1.464265e-03 -1.940766e-03
1.244141e+02 -1.505403e-03 -1.918538e-03
1.246094e+02 -1.542176e-03 -1.887350e-03
1.248047e+02 -1.571962e-03 -1.847910e-03
1.250000e+02 -1.592097e-03 -1.801182e-03
1.251953e+02 -1.600091e-03 -1.748387e-03
1.253906e+02 -1.593822e-03 -1.690968e-03
1.255859e+02 -1.571710e-03 -1.630535e-03
1.257812e+02 -1.532861e-03 -1.568765e-03
1.259766e+02 -1.477177e-03 -1.507296e-03
1.261719e+02 -1.405449e-03 -1.447587e-03
1.263672e+02 -1.319406e-03 -1.390793e-03
1.265625e+02 -1.221728e-03 -1.337658e-03
1.267578e+02 -1.115999e-03 -1.288433e-03
1.269531e+02 -1.006565e-03 -1.242852e-03
1.271484e+02 -8.982998e-04 -1.200155e-03
1.273438e+02 -7.962728e-04 -1.159163e-03
1.275391e+02 -7.053310e-04 -1.118390e-03
1.277344e+02 -6.296581e-04 -1.076187e-03
1.279297e+02 -5.723690e-04 -1.030886e-03
1.281250e+02 -5.352113e-04 -9.809357e-04
1.283203e+02 -5.184258e-04 -9.250263e-04
1.285156e+02 -5.207868e-04 -8.621772e-04
1.287109e+02 -5.398009e-04 -7.918063e-04
1.289062e+02 -5.720135e-04 -7.137738e-04
1.291016e+02 -6.133557e-04 -6.284082e-04
1.292969e+02 -6.594675e-04 -5.365177e-04
1.294922e+02 -7.059586e-04 -4.393880e-04
1.296875e+02 -7.485906e-04 -3.387647e-04
1.298828e+02 -7.833926e-04 -2.368168e-04
1.300781e+02 -8.067364e-04 -1.360736e-04
1.302734e+02 -8.154053e-04 -3.932883e-05
1.304688e+02 -8.066862e-04 5.049214e-05
1.306641e+02 -7.785083e-04 1.305029e-04
1.308594e+02 -7.296418e-04 1.980548e-04
1.310547e+02 -6.599512e-04 2.509467e-04
1.312500e+02 -5.706809e-04 2.876197e-04
1.314453e+02 -4.647252e-04 3.073084e-04
1.316406e+02 -3.468110e-04 3.101222e-04
1.318359e+02 -2.235085e-04 2.970428e-04
1.320312e+02 -1.029861e-04 2.698387e-04
1.322266e+02 5.538257e-06 2.309132e-04
1.324219e+02 9.263434e-05 1.831129e-04
1.326172e+02 1.496892e-04 1.295277e-04
1.328125e+02 1.699601e-04 7.330706e-05
1.330078e+02 1.494451e-04 1.750633e-05
1.332031e+02 8.738954e-05 -3.503197e-05
1.333984e+02 -1.367284e-05 -8.176932e-05
1.335938e+02 -1.483363e-04 -1.205439e-04
1.337891e+02 -3.090826e-04 -1.496340e-04
1.339844e+02 -4.872101e-04 -1.678161e-04
1.341797e+02 -6.737498e-04 -1.744163e-04
1.343750e+02 -8.602296e-04 -1.693458e-04
1.345703e+02 -1.039212e-03 -1.531098e-04
1.347656e+02 -1.204598e-03 -1.267802e-04
1.349609e+02 -1.351722e-03 -9.192311e-05
1.351562e+02 -1.477313e-03 -5.048615e-05
1.353516e+02 -1.579360e-03 -4.656124e-06
1.355469e+02 -1.656953e-03 4.329215e-05
1.357422e+02 -1.710118e-03 9.113068e-05
1.359375e+02 -1.739681e-03 1.367741e-04
1.361328e+02 -1.747176e-03 1.783225e-04
1.363281e+02 -1.734777e-03 2.140519e-04
1.365234e+02 -1.705276e-03 2.423661e-04
1.367188e+02 -1.662056e-03 2.617364e-04
1.369141e+02 -1.609058e-03 2.706598e-04
1.371094e+02 -1.550688e-03 2.676582e-04
1.373047e+02 -1.491651e-03 2.513331e-04
1.375000e+02 -1.436683e-03 2.204722e-04
1.376953e+02 -1.390204e-03 1.741870e-04
1.378906e+02 -1.355929e-03 1.120551e-04
1.380859e+02 -1.336489e-03 3.423640e-05
1.382812e+02 -1.333159e-03 -5.846160e-05
1.384766e+02 -1.345742e-03 -1.645801e-04
1.386719e+02 -1.372644e-03 -2.820661e-04
1.388672e+02 -1.411133e-03 -4.083790e-04
1.390625e+02 -1.457728e-03 -5.406275e-04
1.392578e+02 -1.508627e-03 -6.757207e-04
1.394531e+02 -1.560123e-03 -8.105166e-04
1.396484e+02 -1.608916e-03 -9.419594e-04
1.398438e+02 -1.652327e-03 -1.067200e-03
1.400391e+02 -1.688387e-03 -1.183698e-03
1.402344e+02 -1.715841e-03 -1.289311e-03
1.404297e+02 -1.734095e-03 -1.382365e-03
1.406250e+02 -1.743134e-03 -1.461715e-03
1.408203e+02 -1.743446e-03 -1.526789e-03
1.410156e+02 -1.735942e-03 -1.577625e-03
1.412109e+02 -1.721895e-03 -1.614878e-03
1.414062e+02 -1.702857e-03 -1.639813e-03
1.416016e+02 -1.680571e-03 -1.654270e-03
1.417969e+02 -1.656847e-03 -1.660591e-03
1.419922e+02 -1.633403e-03 -1.661517e-03
1.421875e+02 -1.611703e-03 -1.660058e-03
1.423828e+02 -1.592803e-03 -1.659320e-03
1.425781e+02 -1.577237e-03 -1.662336e-03
1.427734e+02 -1.564977e-03 -1.671872e-03
1.429688e+02 -1.555478e-03 -1.690258e-03
1.431641e+02 -1.547790e-03 -1.719239e-03
1.433594e+02 -1.540728e-03 -1.759857e-03
1.435547e+02 -1.533064e-03 -1.812385e-03
1.437500e+02 -1.523702e-03 -1.876315e-03
1.439453e+02 -1.511824e-03 -1.950391e-03
1.441406e+02 -1.496979e-03 -2.032702e-03
1.443359e+02 -1.479117e-03 -2.120828e-03
1.445312e+02 -1.458569e-03 -2.212007e-03
1.447266e+02 -1.435974e-03 -2.303342e-03
1.449219e+02 -1.412157e-03 -2.391985e-03
1.451172e+02 -1.387982e-03 -2.475311e-03
1.453125e+02 -1.364183e-03 -2.551045e-03
1.455078e+02 -1.341196e-03 -2.617333e-03
1.457031e+02 -1.319034e-03 -2.672762e-03
1.458984e+02 -1.297220e-03 -2.716339e-03
1.460938e+02 -1.274803e-03 -2.747446e-03
1.462891e+02 -1.250469e-03 -2.765791e-03
1.464844e+02 -1.222726e-03 -2.771375e-03
1.466797e+02 -1.190149e-03 -2.764474e-03
1.468750e+02 -1.151627e-03 -2.745655e-03
1.470703e+02 -1.106585e-03 -2.715786e-03
1.472656e+02 -1.055120e-03 -2.676042e-03
1.474609e+02 -9.980485e-04 -2.627887e-03
1.476562e+02 -9.368297e-04 -2.573009e-03
1.478516e+02 -8.733909e-04 -2.513217e-03
1.480469e+02 -8.098764e-04 -2.450305e-03
1.482422e+02 -7.483604e-04 -2.385896e-03
1.484375e+02 -6.905730e-04 -2.321305e-03
1.486328e+02 -6.376855e-04 -2.257449e-03
1.488281e+02 -5.901904e-04 -2.194813e-03
1.490234e+02 -5.478933e-04 -2.133500e-03
1.492188e+02 -5.100149e-04 -2.073340e-03
1.494141e+02 -4.753779e-04 -2.014051e-03
1.496094e+02 -4.426430e-04 -1.955405e-03
1.498047e+02 -4.105465e-04 -1.897373e-03
1.500000e+02 -3.781017e-04 -1.840203e-03
1.501953e+02 -3.447300e-04 -1.784442e-03
1.503906e+02 -3.103094e-04 -1.730884e-03
1.505859e+02 -2.751409e-04 -1.680467e-03
1.507812e+02 -2.398507e-04 -1.634172e-03
1.509766e+02 -2.052542e-04 -1.592930e-03
1.511719e+02 -1.722136e-04 -1.557577e-03
1.513672e+02 -1.415176e-04 -1.528855e-03
1.515625e+02 -1.138051e-04 -1.507454e-03
1.517578e+02 -8.954265e-05 -1.494047e-03
1.519531e+02 -6.905601e-05 -1.489304e-03
1.521484e+02 -5.260347e-05 -1.493844e-03
1.523438e+02 -4.047149e-05 -1.508118e-03
1.525391e+02 -3.307019e-05 -1.532241e-03
1.527344e+02 -3.100685e-05 -1.565808e-03
1.529297e+02 -3.512075e-05 -1.607739e-03
1.531250e+02 -4.647036e-05 -1.656196e-03
1.533203e+02 -6.627282e-05 -1.708621e-03
1.535156e+02 -9.580390e-05 -1.761875e-03
1.537109e+02 -1.362724e-04 -1.812494e-03
1.539062e+02 -1.886867e-04 -1.856998e-03
1.541016e+02 -2.537302e-04 -1.892229e-03
1.542969e+02 -3.316621e-04 -1.915658e-03
1.544922e+02 -4.222521e-04 -1.925623e-03
1.546875e+02 -5.247575e-04 -1.921470e-03
1.548828e+02 -6.379416e-04 -1.903580e-03
1.550781e+02 -7.601328e-04 -1.873282e-03
1.552734e+02 -8.893155e-04 -1.832659e-03
1.554688e+02 -1.023247e-03 -1.784278e-03
1.556641e+02 -1.159584e-03 -1.730880e-03
1.558594e+02 -1.296015e-03 -1.675060e-03
1.560547e+02 -1.430372e-03 -1.619005e-03
1.562500e+02 -1.560728e-03 -1.564305e-03
1.564453e+02 -1.685468e-03 -1.511883e-03
1.566406e+02 -1.803332e-03 -1.462038e-03
1.568359e+02 -1.913444e-03 -1.414588e-03
1.570312e+02 -2.015323e-03 -1.369079e-03
1.572266e+02 -2.108886e-03 -1.325023e-03
1.574219e+02 -2.194439e-03 -1.282101e-03
1.576172e+02 -2.272656e-03 -1.240318e-03
1.578125e+02 -2.344542e-03 -1.200066e-03
1.580078e+02 -2.411373e-03 -1.162116e-03
1.582031e+02 -2.474618e-03 -1.127530e-03
1.583984e+02 -2.535846e-03 -1.097537e-03
1.585938e+02 -2.596617e-03 -1.073397e-03
1.587891e+02 -2.658382e-03 -1.056277e-03
1.589844e+02 -2.722390e-03 -1.047147e-03
1.591797e+02 -2.789632e-03 -1.046717e-03
1.593750e+02 -2.860801e-03 -1.055389e-03
1.595703e+02 -2.936310e-03 -1.073214e-03
1.597656e+02 -3.016328e-03 -1.099858e-03
1.599609e+02 -3.100850e-03 -1.134564e-03
1.601562e+02 -3.189780e-03 -1.176138e-03
1.603516e+02 -3.283007e-03 -1.222967e-03
1.605469e+02 -3.380462e-03 -1.273109e-03
1.607422e+02 -3.482152e-03 -1.324435e-03
1.609375e+02 -3.588160e-03 -1.374822e-03
1.611328e+02 -3.698609e-03 -1.422340e-03
1.613281e+02 -3.813601e-03 -1.465408e-03
1.615234e+02 -3.933150e-03 -1.502846e-03
1.617188e+02 -4.057091e-03 -1.533831e-03
1.619141e+02 -4.185017e-03 -1.557745e-03
1.621094e+02 -4.316223e-03 -1.573973e-03
1.623047e+02 -4.449680e-03 -1.581704e-03
1.625000e+02 -4.584055e-03 -1.579803e-03
1.626953e+02 -4.717756e-03 -1.566793e-03
1.628906e+02 -4.849025e-03 -1.540966e-03
1.630859e+02 -4.976054e-03 -1.500606e-03
1.632812e+02 -5.097112e-03 -1.444268e-03
1.634766e+02 -5.210672e-03 -1.371066e-03
1.636719e+02 -5.315517e-03 -1.280906e-03
1.638672e+02 -5.410806e-03 -1.174627e-03
1.640625e+02 -5.496111e-03 -1.054029e-03
1.642578e+02 -5.571398e-03 -9.217874e-04
1.644531e+02 -5.636987e-03 -7.812759e-04
1.646484e+02 -5.693479e-03 -6.363205e-04
1.648438e+02 -5.741673e-03 -4.909118e-04
1.650391e+02 -5.782485e-03 -3.489002e-04
1.652344e+02 -5.816862e-03 -2.136935e-04
1.654297e+02 -5.845718e-03 -8.797817e-05
1.656250e+02 -5.869866e-03 2.651838e-05
1.658203e+02 -5.889960e-03 1.292027e-04
1.660156e+02 -5.906447e-03 2.207094e-04
1.662109e+02 -5.919519e-03 3.028991e-04
1.664062e+02 -5.929079e-03 3.787554e-04
1.666016e+02 -5.934725e-03 4.521854e-04
1.667969e+02 -5.935754e-03 5.277398e-04
1.669922e+02 -5.931208e-03 6.102796e-04
1.671875e+02 -5.919938e-03 7.046206e-04
1.673828e+02 -5.900707e-03 8.151896e-04
1.675781e+02 -5.872306e-03 9.457253e-04
1.677734e+02 -5.833674e-03 1.099050e-03
1.679688e+02 -5.784003e-03 1.276928e-03
1.681641e+02 -5.722826e-03 1.480020e-03
1.683594e+02 -5.650065e-03 1.707925e-03
1.685547e+02 -5.566055e-03 1.959292e-03
1.687500e+02 -5.471535e-03 2.231989e-03
1.689453e+02 -5.367604e-03 2.523279e-03
1.691406e+02 -5.255673e-03 2.830009e-03
1.693359e+02 -5.137380e-03 3.148755e-03
1.695312e+02 -5.014497e-03 3.475939e-03
1.697266e+02 -4.888827e-03 3.807902e-03
1.699219e+02 -4.762086e-03 4.140935e-03
1.701172e+02 -4.635801e-03 4.471294e-03
1.703125e+02 -4.511210e-03 4.795216e-03
1.705078e+02 -4.389203e-03 5.108957e-03
1.707031e+02 -4.270281e-03 5.408870e-03
1.708984e+02 -4.154561e-03 5.691538e-03
1.710938e+02 -4.041807e-03 5.953953e-03
1.712891e+02 -3.931494e-03 6.193718e-03
1.714844e+02 -3.822889e-03 6.409227e-03
1.716797e+02 -3.715142e-03 6.599790e-03
1.718750e+02 -3.607360e-03 6.765660e-03
1.720703e+02 -3.498682e-03 6.907938e-03
1.722656e+02 -3.388309e-03 7.028372e-03
1.724609e+02 -3.275525e-03 7.129069e-03
1.726562e+02 -3.159685e-03 7.212182e-03
1.728516e+02 -3.040193e-03 7.279620e-03
1.730469e+02 -2.916481e-03 7.332844e-03
1.732422e+02 -2.787988e-03 7.372778e-03
1.734375e+02 -2.654155e-03 7.399844e-03
1.736328e+02 -2.514426e-03 7.414109e-03
1.738281e+02 -2.368265e-03 7.415504e-03
1.740234e+02 -2.215171e-03 7.404056e-03
1.742188e+02 -2.054711e-03 7.380092e-03
1.744141e+02 -1.886543e-03 7.344368e-03
1.746094e+02 -1.710448e-03 7.298111e-03
1.748047e+02 -1.526360e-03 7.242983e-03
1.750000e+02 -1.334396e-03 7.180980e-03
1.751953e+02 -1.134878e-03 7.114296e-03
1.753906e+02 -9.283427e-04 7.045178e-03
1.755859e+02 -7.155424e-04 6.975798e-03
1.757812e+02 -4.974208e-04 6.908145e-03
1.759766e+02 -2.750726e-04 6.843955e-03
1.761719e+02 -4.968468e-05 6.784691e-03
1.763672e+02 1.775363e-04 6.731565e-03
1.765625e+02 4.054406e-04 6.685600e-03
1.767578e+02 6.330072e-04 6.647730e-03
1.769531e+02 8.594017e-04 6.618900e-03
1.771484e+02 1.084011e-03 6.600162e-03
1.773438e+02 1.306448e-03 6.592723e-03
1.775391e+02 1.526537e-03 6.597938e-03
1.777344e+02 1.744259e-03 6.617229e-03
1.779297e+02 1.959697e-03 6.651928e-03
1.781250e+02 2.172965e-03 6.703043e-03
1.783203e+02 2.384138e-03 6.770991e-03
1.785156e+02 2.593206e-03 6.855326e-03
1.787109e+02 2.800034e-03 6.954516e-03
1.789062e+02 3.004347e-03 7.065854e-03
1.791016e+02 3.205738e-03 7.185537e-03
1.792969e+02 3.403681e-03 7.308937e-03
1.794922e+02 3.597555e-03 7.431068e-03
1.796875e+02 3.786670e-03 7.547155e-03
1.798828e+02 3.970284e-03 7.653232e-03
1.800781e+02 4.147611e-03 7.746629e-03
1.802734e+02 4.317827e-03 7.826262e-03
1.804688e+02 4.480068e-03 7.892662e-03
1.806641e+02 4.633428e-03 7.947740e-03
1.808594e+02 4.776959e-03 7.994347e-03
1.810547e+02 4.909671e-03 8.035720e-03
1.812500e+02 5.030537e-03 8.074909e-03
1.814453e+02 5.138476e-03 8.114293e-03
1.816406e+02 5.232345e-03 8.155229e-03
1.818359e+02 5.310908e-03 8.197884e-03
1.820312e+02 5.372812e-03 8.241234e-03
1.822266e+02 5.416580e-03 8.283223e-03
1.824219e+02 5.440649e-03 8.321051e-03
1.826172e+02 5.443452e-03 8.351550e-03
1.828125e+02 5.423588e-03 8.371614e-03
1.830078e+02 5.380025e-03 8.378639e-03
1.832031e+02 5.312348e-03 8.370913e-03
1.833984e+02 5.220967e-03 8.347912e-03
1.835938e+02 5.107257e-03 8.310445e-03
1.837891e+02 4.973586e-03 8.260636e-03
1.839844e+02 4.823202e-03 8.201724e-03
1.841797e+02 4.660018e-03 8.137723e-03
1.843750e+02 4.488314e-03 8.072992e-03
1.845703e+02 4.312430e-03 8.011784e-03
1.847656e+02 4.136474e-03 7.957837e-03
1.849609e+02 3.964092e-03 7.914066e-03
1.851562e+02 3.798266e-03 7.882404e-03
1.853516e+02 3.641174e-03 7.863776e-03
1.855469e+02 3.494060e-03 7.858232e-03
1.857422e+02 3.357150e-03 7.865183e-03
1.859375e+02 3.229609e-03 7.883700e-03
1.861328e+02 3.109579e-03 7.912841e-03
1.863281e+02 2.994312e-03 7.951933e-03
1.865234e+02 2.880392e-03 8.000779e-03
1.867188e+02 2.764053e-03 8.059759e-03
1.869141e+02 2.641537e-03 8.129788e-03
1.871094e+02 2.509465e-03 8.212147e-03
1.873047e+02 2.365174e-03 8.308191e-03
1.875000e+02 2.206985e-03 8.418953e-03
1.876953e+02 2.034379e-03 8.544711e-03
1.878906e+02 1.848073e-03 8.684557e-03
1.880859e+02 1.649997e-03 8.836060e-03
1.882812e+02 1.443173e-03 8.995083e-03
1.884766e+02 1.231522e-03 9.155832e-03
1.886719e+02 1.019603e-03 9.311166e-03
1.888672e+02 8.123045e-04 9.453175e-03
1.890625e+02 6.145302e-04 9.573958e-03
1.892578e+02 4.308811e-04 9.666491e-03
1.894531e+02 2.653762e-04 9.725439e-03
1.896484e+02 1.212246e-04 9.747741e-03
1.898438e+02 6.665857e-07 9.732872e-03
1.900391e+02 -9.511047e-05 9.682710e-03
1.902344e+02 -1.659813e-04 9.601054e-03
1.904297e+02 -2.128245e-04 9.492894e-03
1.906250e+02 -2.374065e-04 9.363588e-03
1.908203e+02 -2.422221e-04 9.218103e-03
1.910156e+02 -2.303025e-04 9.060438e-03
1.912109e+02 -2.050022e-04 8.893295e-03
1.914062e+02 -1.697756e-04 8.718013e-03
1.916016e+02 -1.279529e-04 8.534704e-03
1.917969e+02 -8.252800e-05 8.342552e-03
1.919922e+02 -3.597604e-05 8.140184e-03
1.921875e+02 9.883334e-06 7.926061e-03
1.923828e+02 5.395741e-05 7.698851e-03
1.925781e+02 9.587648e-05 7.457752e-03
1.927734e+02 1.359136e-04 7.202748e-03
1.929688e+02 1.748413e-04 6.934773e-03
1.931641e+02 2.137493e-04 6.655784e-03
1.933594e+02 2.538557e-04 6.368734e-03
1.935547e+02 2.963434e-04 6.077445e-03
1.937500e+02 3.422439e-04 5.786412e-03
1.939453e+02 3.923812e-04 5.500561e-03
1.941406e+02 4.473699e-04 5.224993e-03
1.943359e+02 5.076518e-04 4.964724e-03
1.945312e+02 5.735440e-04 4.724457e-03
1.947266e+02 6.452748e-04 4.508363e-03
1.949219e+02 7.229877e-04 4.319901e-03
1.951172e+02 8.067072e-04 4.161669e-03
1.953125e+02 8.962765e-04 4.035287e-03
1.955078e+02 9.912913e-04 3.941340e-03
1.957031e+02 1.091062e-03 3.879360e-03
1.958984e+02 1.194639e-03 3.847855e-03
1.960938e+02 1.300919e-03 3.844377e-03
1.962891e+02 1.408839e-03 3.865622e-03
1.964844e+02 1.517637e-03 3.907563e-03
1.966797e+02 1.627120e-03 3.965626e-03
1.968750e+02 1.737880e-03 4.034939e-03
1.970703e+02 1.851389e-03 4.110653e-03
1.972656e+02 1.969914e-03 4.188341e-03
1.974609e+02 2.096224e-03 4.264430e-03
1.976562e+02 2.233110e-03 4.336573e-03
1.978516e+02 2.382770e-03 4.403872e-03
1.980469e+02 2.546134e-03 4.466854e-03
1.982422e+02 2.722238e-03 4.527146e-03
1.984375e+02 2.907755e-03 4.586888e-03
1.986328e+02 3.096769e-03 4.647985e-03
1.988281e+02 3.280899e-03 4.711371e-03
1.990234e+02 3.449816e-03 4.776478e-03
1.992188e+02 3.592193e-03 4.841060e-03
1.994141e+02 3.696990e-03 4.901445e-03
1.996094e+02 3.754947e-03 4.953203e-03
1.998047e+02 3.760012e-03 4.992114e-03
2.000000e+02 3.710412e-03 5.015243e-03
2.001953e+02 3.609110e-03 5.021920e-03
2.003906e+02 3.463522e-03 5.014410e-03
2.005859e+02 3.284537e-03 4.998115e-03
2.007812e+02 3.085061e-03 4.981264e-03
2.009766e+02 2.878388e-03 4.974102e-03
2.011719e+02 2.676716e-03 4.987735e-03
2.013672e+02 2.490015e-03 5.032797e-03
2.015625e+02 2.325367e-03 5.118170e-03
2.017578e+02 2.186766e-03 5.249925e-03
2.019531e+02 2.075309e-03 5.430639e-03
2.021484e+02 1.989680e-03 5.659137e-03
2.023438e+02 1.926809e-03 5.930678e-03
2.025391e+02 1.882616e-03 6.237535e-03
2.027344e+02 1.852751e-03 6.569866e-03
2.029297e+02 1.833224e-03 6.916760e-03
2.031250e+02 1.820888e-03 7.267318e-03
2.033203e+02 1.813689e-03 7.611630e-03
2.035156e+02 1.810708e-03 7.941548e-03
2.037109e+02 1.811986e-03 8.251187e-03
2.039062e+02 1.818222e-03 8.537134e-03
2.041016e+02 1.830392e-03 8.798375e-03
2.042969e+02 1.849397e-03 9.036003e-03
2.044922e+02 1.875773e-03 9.252735e-03
2.046875e+02 1.909531e-03 9.452322e-03
2.048828e+02 1.950104e-03 9.638900e-03
2.050781e+02 1.996415e-03 9.816355e-03
2.052734e+02 2.047011e-03 9.987763e-03
2.054688e+02 2.100256e-03 1.015498e-02
2.056641e+02 2.154527e-03 1.031844e-02
2.058594e+02 2.208415e-03 1.047712e-02
2.060547e+02 2.260902e-03 1.062878e-02
2.062500e+02 2.311513e-03 1.077031e-02
2.064453e+02 2.360415e-03 1.089817e-02
2.066406e+02 2.408473e-03 1.100886e-02
2.068359e+02 2.457229e-03 1.109928e-02
2.070312e+02 2.508800e-03 1.116706e-02
2.072266e+02 2.565694e-03 1.121081e-02
2.074219e+02 2.630560e-03 1.123021e-02
2.076172e+02 2.705898e-03 1.122611e-02
2.078125e+02 2.793775e-03 1.120051e-02
2.080078e+02 2.895582e-03 1.115645e-02
2.082031e+02 3.011879e-03 1.109783e-02
2.083984e+02 3.142344e-03 1.102905e-02
2.085938e+02 3.285834e-03 1.095463e-02
2.087891e+02 3.440534e-03 1.087875e-02
2.089844e+02 3.604176e-03 1.080484e-02
2.091797e+02 3.774277e-03 1.073522e-02
2.093750e+02 3.948365e-03 1.067087e-02
2.095703e+02 4.124149e-03 1.061134e-02
2.097656e+02 4.299625e-03 1.055491e-02
2.099609e+02 4.473102e-03 1.049892e-02
2.101562e+02 4.643167e-03 1.044028e-02
2.103516e+02 4.808593e-03 1.037610e-02
2.105469e+02 4.968240e-03 1.030431e-02
2.107422e+02 5.120954e-03 1.022415e-02
2.109375e+02 5.265501e-03 1.013647e-02
2.111328e+02 5.400555e-03 1.004367e-02
2.113281e+02 5.524737e-03 9.949499e-03
2.115234e+02 5.636724e-03 9.858486e-03
2.117188e+02 5.735396e-03 9.775388e-03
2.119141e+02 5.820011e-03 9.704575e-03
2.121094e+02 5.890367e-03 9.649518e-03
2.123047e+02 5.946930e-03 9.612403e-03
2.125000e+02 5.990887e-03 9.593928e-03
2.126953e+02 6.024104e-03 9.593263e-03
2.128906e+02 6.049000e-03 9.608184e-03
2.130859e+02 6.068331e-03 9.635350e-03
2.132812e+02 6.084932e-03 9.670680e-03
2.134766e+02 6.101445e-03 9.709807e-03
2.136719e+02 6.120072e-03 9.748531e-03
2.138672e+02 6.142392e-03 9.783237e-03
2.140625e+02 6.169249e-03 9.811220e-03
2.142578e+02 6.200734e-03 9.830881e-03
2.144531e+02 6.236239e-03 9.841763e-03
2.146484e+02 6.274575e-03 9.844449e-03
2.148438e+02 6.314129e-03 9.840310e-03
2.150391e+02 6.353050e-03 9.831177e-03
2.152344e+02 6.389419e-03 9.818963e-03
2.154297e+02 6.421425e-03 9.805342e-03
2.156250e+02 6.447490e-03 9.791514e-03
2.158203e+02 6.466372e-03 9.778128e-03
2.160156e+02 6.477200e-03 9.765369e-03
2.162109e+02 6.479472e-03 9.753164e-03
2.164062e+02 6.472981e-03 9.741442e-03
2.166016e+02 6.457711e-03 9.730344e-03
2.167969e+02 6.433706e-03 9.720293e-03
2.169922e+02 6.400938e-03 9.711873e-03
2.171875e+02 6.359195e-03 9.705530e-03
2.173828e+02 6.308021e-03 9.701172e-03
2.175781e+02 6.246710e-03 9.697815e-03
2.177734e+02 6.174348e-03 9.693406e-03
2.179688e+02 6.089914e-03 9.684929e-03
2.181641e+02 5.992403e-03 9.668833e-03
2.183594e+02 5.880964e-03 9.641697e-03
2.185547e+02 5.755032e-03 9.600985e-03
2.187500e+02 5.614433e-03 9.545718e-03
2.189453e+02 5.459450e-03 9.476871e-03
2.191406e+02 5.290850e-03 9.397427e-03
2.193359e+02 5.109864e-03 9.312053e-03
2.195312e+02 4.918123e-03 9.226506e-03
2.197266e+02 4.717559e-03 9.146870e-03
2.199219e+02 4.510286e-03 9.078794e-03
2.201172e+02 4.298467e-03 9.026822e-03
2.203125e+02 4.084188e-03 8.993912e-03
2.205078e+02 3.869340e-03 8.981174e-03
2.207031e+02 3.655533e-03 8.987843e-03
2.208984e+02 3.444030e-03 9.011476e-03
2.210938e+02 3.235713e-03 9.048356e-03
2.212891e+02 3.031082e-03 9.094051e-03
2.214844e+02 2.830285e-03 9.144084e-03
2.216797e+02 2.633179e-03 9.194594e-03
2.218750e+02 2.439425e-03 9.242888e-03
2.220703e+02 2.248612e-03 9.287763e-03
2.222656e+02 2.060398e-03 9.329508e-03
2.224609e+02 1.874642e-03 9.369563e-03
2.226562e+02 1.691523e-03 9.409890e-03
2.228516e+02 1.511603e-03 9.452172e-03
2.230469e+02 1.335837e-03 9.497009e-03
2.232422e+02 1.165519e-03 9.543285e-03
2.234375e+02 1.002166e-03 9.587854e-03
2.236328e+02 8.473687e-04 9.625630e-03
2.238281e+02 7.026278e-04 9.650072e-03
2.240234e+02 5.691990e-04 9.654017e-03
2.242188e+02 4.479674e-04 9.630669e-03
2.244141e+02 3.393655e-04 9.574589e-03
2.246094e+02 2.433360e-04 9.482448e-03
2.248047e+02 1.593379e-04 9.353422e-03
2.250000e+02 8.638709e-05 9.189131e-03
2.251953e+02 2.312184e-05 8.993171e-03
2.253906e+02 -3.211504e-05 8.770356e-03
2.255859e+02 -8.118477e-05 8.525841e-03
2.257812e+02 -1.260564e-04 8.264338e-03
2.259766e+02 -1.687106e-04 7.989553e-03
2.261719e+02 -2.110473e-04 7.703955e-03
2.263672e+02 -2.548039e-04 7.408883e-03
2.265625e+02 -3.014909e-04 7.104926e-03
2.267578e+02 -3.523495e-04 6.792469e-03
2.269531e+02 -4.083381e-04 6.472265e-03
2.271484e+02 -4.701448e-04 6.145877e-03
2.273438e+02 -5.382218e-04 5.815905e-03
2.275391e+02 -6.128337e-04 5.485935e-03
2.277344e+02 -6.941066e-04 5.160232e-03
2.279297e+02 -7.820680e-04 4.843271e-03
2.281250e+02 -8.766704e-04 4.539185e-03
2.283203e+02 -9.777952e-04 4.251281e-03
2.285156e+02 -1.085240e-03 3.981700e-03
2.287109e+02 -1.198691e-03 3.731278e-03
2.289062e+02 -1.317699e-03 3.499641e-03
2.291016e+02 -1.441652e-03 3.285479e-03
2.292969e+02 -1.569760e-03 3.086965e-03
2.294922e+02 -1.701061e-03 2.902202e-03
2.296875e+02 -1.834438e-03 2.729631e-03
2.298828e+02 -1.968661e-03 2.568300e-03
2.300781e+02 -2.102441e-03 2.417950e-03
2.302734e+02 -2.234508e-03 2.278904e-03
2.304688e+02 -2.363687e-03 2.151806e-03
2.306641e+02 -2.488988e-03 2.037270e-03
2.308594e+02 -2.609684e-03 1.935543e-03
2.310547e+02 -2.725378e-03 1.846250e-03
2.312500e+02 -2.836041e-03 1.768294e-03
2.314453e+02 -2.942016e-03 1.699914e-03
2.316406e+02 -3.043982e-03 1.638893e-03
2.318359e+02 -3.142873e-03 1.582840e-03
2.320312e+02 -3.239760e-03 1.529487e-03
2.322266e+02 -3.335709e-03 1.476912e-03
2.324219e+02 -3.431629e-03 1.423643e-03
2.326172e+02 -3.528133e-03 1.368633e-03
2.328125e+02 -3.625430e-03 1.311123e-03
2.330078e+02 -3.723263e-03 1.250470e-03
2.332031e+02 -3.820896e-03 1.185997e-03
2.333984e+02 -3.917155e-03 1.116934e-03
2.335938e+02 -4.010504e-03 1.042467e-03
2.337891e+02 -4.099153e-03 9.618921e-04
2.339844e+02 -4.181175e-03 8.748021e-04
2.341797e+02 -4.254615e-03 7.812430e-04
2.343750e+02 -4.317600e-03 6.817632e-04
2.345703e+02 -4.368423e-03 5.773223e-04
2.347656e+02 -4.405623e-03 4.690697e-04
2.349609e+02 -4.428052e-03 3.580541e-04
2.351562e+02 -4.434923e-03 2.449542e-04
2.353516e+02 -4.425858e-03 1.299261e-04
2.355469e+02 -4.400898e-03 1.263313e-05
2.357422e+02 -4.360496e-03 -1.075291e-04
2.359375e+02 -4.305468e-03 -2.310561e-04
2.361328e+02 -4.236915e-03 -3.579025e-04
2.363281e+02 -4.156128e-03 -4.871109e-04
2.365234e+02 -4.064471e-03 -6.166086e-04
2.367188e+02 -3.963291e-03 -7.432367e-04
2.369141e+02 -3.853847e-03 -8.630199e-04
2.371094e+02 -3.737278e-03 -9.716260e-04
2.373047e+02 -3.614612e-03 -1.064926e-03
2.375000e+02 -3.486803e-03 -1.139551e-03
2.376953e+02 -3.354796e-03 -1.193344e-03
2.378906e+02 -3.219587e-03 -1.225652e-03
2.380859e+02 -3.082274e-03 -1.237407e-03
2.382812e+02 -2.944079e-03 -1.231006e-03
2.384766e+02 -2.806350e-03 -1.210019e-03
2.386719e+02 -2.670521e-03 -1.178759e-03
2.388672e+02 -2.538056e-03 -1.141792e-03
2.390625e+02 -2.410370e-03 -1.103426e-03
2.392578e+02 -2.288746e-03 -1.067271e-03
2.394531e+02 -2.174249e-03 -1.035897e-03
2.396484e+02 -2.067662e-03 -1.010658e-03
2.398438e+02 -1.969426e-03 -9.916696e-04
2.400391e+02 -1.879608e-03 -9.779667e-04
2.402344e+02 -1.797899e-03 -9.677886e-04
2.404297e+02 -1.723617e-03 -9.589579e-04
2.406250e+02 -1.655748e-03 -9.492905e-04
2.408203e+02 -1.593001e-03 -9.369781e-04
2.410156e+02 -1.533868e-03 -9.208901e-04
2.412109e+02 -1.476713e-03 -9.007513e-04
2.414062e+02 -1.419850e-03 -8.771726e-04
2.416016e+02 -1.361631e-03 -8.515303e-04
2.417969e+02 -1.300518e-03 -8.257146e-04
2.419922e+02 -1.235153e-03 -8.017912e-04
2.421875e+02 -1.164398e-03 -7.816363e-04
2.423828e+02 -1.087380e-03 -7.666157e-04
2.425781e+02 -1.003504e-03 -7.573691e-04
2.427734e+02 -9.124668e-04 -7.537444e-04
2.429688e+02 -8.142665e-04 -7.548893e-04
2.431641e+02 -7.091984e-04 -7.594812e-04
2.433594e+02 -5.978519e-04 -7.660416e-04
2.435547e+02 -4.810969e-04 -7.732703e-04
2.437500e+02 -3.600557e-04 -7.803346e-04
2.439453e+02 -2.360570e-04 -7.870592e-04
2.441406e+02 -1.105690e-04 -7.939849e-04
2.443359e+02 1.488516e-05 -8.022882e-04
2.445312e+02 1.388219e-04 -8.135742e-04
2.447266e+02 2.598883e-04 -8.295725e-04
2.449219e+02 3.769354e-04 -8.517794e-04
2.451172e+02 4.890599e-04 -8.810984e-04
2.453125e+02 5.956075e-04 -9.175312e-04
2.455078e+02 6.961390e-04 -9.599734e-04
2.457031e+02 7.903682e-04 -1.006157e-03
2.458984e+02 8.780869e-04 -1.052763e-03
2.460938e+02 9.590942e-04 -1.095711e-03
2.462891e+02 1.033146e-03 -1.130575e-03
2.464844e+02 1.099932e-03 -1.153081e-03
2.466797e+02 1.159086e-03 -1.159603e-03
2.468750e+02 1.210219e-03 -1.147562e-03
2.470703e+02 1.252972e-03 -1.115682e-03
2.472656e+02 1.287072e-03 -1.064060e-03
2.474609e+02 1.312379e-03 -9.940610e-04
2.476562e+02 1.328914e-03 -9.080807e-04
2.478516e+02 1.336855e-03 -8.092360e-04
2.480469e+02 1.336507e-03 -7.010503e-04
2.482422e+02 1.328235e-03 -5.871883e-04
2.484375e+02 1.312377e-03 -4.712721e-04
2.486328e+02 1.289155e-03 -3.567824e-04
2.488281e+02 1.258594e-03 -2.470263e-04
2.490234e+02 1.220478e-03 -1.451369e-04
2.492188e+02 1.174361e-03 -5.406964e-05
2.494141e+02 1.119635e-03 2.343347e-05
2.496094e+02 1.055664e-03 8.492160e-05
2.498047e+02 9.819470e-04 1.283490e-04
2.500000e+02 8.982970e-04 1.522027e-04
2.501953e+02 8.049947e-04 1.556153e-04
2.503906e+02 7.028803e-04 1.384377e-04
2.505859e+02 5.933695e-04 1.012554e-04
2.507812e+02 4.783851e-04 4.534488e-05
2.509766e+02 3.602210e-04 -2.741826e-05
2.511719e+02 2.413607e-04 -1.146826e-04
2.513672e+02 1.242852e-04 -2.137554e-04
2.515625e+02 1.129392e-05 -3.217304e-04
2.517578e+02 -9.564053e-05 -4.355990e-04
2.519531e+02 -1.949766e-04 -5.523403e-04
2.521484e+02 -2.856680e-04 -6.689940e-04
2.523438e+02 -3.671926e-04 -7.827201e-04
2.525391e+02 -4.395497e-04 -8.908533e-04
2.527344e+02 -5.032285e-04 -9.909543e-04
2.529297e+02 -5.591462e-04 -1.080856e-03
2.531250e+02 -6.085533e-04 -1.158702e-03
2.533203e+02 -6.529097e-04 -1.222968e-03
2.535156e+02 -6.937364e-04 -1.272459e-03
2.537109e+02 -7.324605e-04 -1.306293e-03
2.539062e+02 -7.702719e-04 -1.323860e-03
2.541016e+02 -8.080164e-04 -1.324777e-03
2.542969e+02 -8.461421e-04 -1.308852e-03
2.544922e+02 -8.847102e-04 -1.276076e-03
2.546875e+02 -9.234660e-04 -1.226646e-03
2.548828e+02 -9.619573e-04 -1.161032e-03
2.550781e+02 -9.996760e-04 -1.080076e-03
2.552734e+02 -1.036198e-03 -9.851004e-04
2.554688e+02 -1.071297e-03 -8.780100e-04
2.556641e+02 -1.105017e-03 -7.613368e-04
2.558594e+02 -1.137690e-03 -6.382167e-04
2.560547e+02 -1.169910e-03 -5.122756e-04
2.562500e+02 -1.202443e-03 -3.874305e-04
2.564453e+02 -1.236117e-03 -2.676282e-04
2.566406e+02 -1.271666e-03 -1.565555e-04
2.568359e+02 -1.309574e-03 -5.736427e-05
2.570312e+02 -1.349922e-03 2.755236e-05
2.572266e+02 -1.392274e-03 9.670536e-05
2.574219e+02 -1.435605e-03 1.495665e-04
2.576172e+02 -1.478309e-03 1.865401e-04
2.578125e+02 -1.518272e-03 2.088685e-04
2.580078e+02 -1.553014e-03 2.184925e-04
2.582031e+02 -1.579874e-03 2.178944e-04
2.583984e+02 -1.596225e-03 2.099406e-04
2.585938e+02 -1.599677e-03 1.977374e-04
2.587891e+02 -1.588271e-03 1.845004e-04
2.589844e+02 -1.560642e-03 1.734329e-04
2.591797e+02 -1.516150e-03 1.676027e-04
2.593750e+02 -1.454985e-03 1.698072e-04
2.595703e+02 -1.378245e-03 1.824195e-04
2.597656e+02 -1.287980e-03 2.072182e-04
2.599609e+02 -1.187179e-03 2.452091e-04
2.601562e+02 -1.079700e-03 2.964584e-04
2.603516e+02 -9.700964e-04 3.599629e-04
2.605469e+02 -8.633496e-04 4.335874e-04
2.607422e+02 -7.645027e-04 5.140931e-04
2.609375e+02 -6.782309e-04 5.972778e-04
2.611328e+02 -6.084025e-04 6.782302e-04
2.613281e+02 -5.577030e-04 7.516849e-04
2.615234e+02 -5.273842e-04 8.124455e-04
2.617188e+02 -5.171851e-04 8.558282e-04
2.619141e+02 -5.254286e-04 8.780728e-04
2.621094e+02 -5.492635e-04 8.766671e-04
2.623047e+02 -5.849920e-04 8.505457e-04
2.625000e+02 -6.284146e-04 8.001417e-04
2.626953e+02 -6.751362e-04 7.272903e-04
2.628906e+02 -7.208005e-04 6.350073e-04
2.630859e+02 -7.612481e-04 5.271800e-04
2.632812e+02 -7.926150e-04 4.082162e-04
2.634766e+02 -8.114020e-04 2.826991e-04
2.636719e+02 -8.145481e-04 1.550880e-04
2.638672e+02 -7.995359e-04 2.949034e-05
2.640625e+02 -7.645501e-04 -9.048438e-05
2.642578e+02 -7.086951e-04 -2.017932e-04
2.644531e+02 -6.322633e-04 -3.019687e-04
2.646484e+02 -5.370216e-04 -3.890927e-04
2.648438e+02 -4.264615e-04 -4.617580e-04
2.650391e+02 -3.059344e-04 -5.190416e-04
2.652344e+02 -1.825850e-04 -5.605018e-04
2.654297e+02 -6.500755e-05 -5.862051e-04
2.656250e+02 3.740377e-05 -5.967760e-04
2.658203e+02 1.153716e-04 -5.934561e-04
2.660156e+02 1.607940e-04 -5.781484e-04
2.662109e+02 1.677601e-04 -5.534213e-04
2.664062e+02 1.333159e-04 -5.224456e-04
2.666016e+02 5.782216e-05 -4.888505e-04
2.667969e+02 -5.516358e-05 -4.564957e-04
2.669922e+02 -1.994348e-04 -4.291803e-04
2.671875e+02 -3.669728e-04 -4.103251e-04
2.673828e+02 -5.488901e-04 -4.026791e-04
2.675781e+02 -7.363088e-04 -4.080975e-04
2.677734e+02 -9.210540e-04 -4.274282e-04
2.679688e+02 -1.096112e-03 -4.605196e-04
2.681641e+02 -1.255858e-03 -5.063378e-04
2.683594e+02 -1.396102e-03 -5.631633e-04
2.685547e+02 -1.514011e-03 -6.288273e-04
2.687500e+02 -1.607958e-03 -7.009479e-04
2.689453e+02 -1.677363e-03 -7.771394e-04
2.691406e+02 -1.722533e-03 -8.551753e-04
2.693359e+02 -1.744537e-03 -9.331024e-04
2.695312e+02 -1.745128e-03 -1.009309e-03
2.697266e+02 -1.726689e-03 -1.082557e-03
2.699219e+02 -1.692210e-03 -1.151980e-03
2.701172e+02 -1.645267e-03 -1.217065e-03
2.703125e+02 -1.589970e-03 -1.277620e-03
2.705078e+02 -1.530847e-03 -1.333725e-03
2.707031e+02 -1.472648e-03 -1.385672e-03
2.708984e+02 -1.420045e-03 -1.433907e-03
2.710938e+02 -1.377268e-03 -1.478958e-03
2.712891e+02 -1.347708e-03 -1.521366e-03
2.714844e+02 -1.333568e-03 -1.561616e-03
2.716797e+02 -1.335637e-03 -1.600085e-03
2.718750e+02 -1.353233e-03 -1.636998e-03
2.720703e+02 -1.384347e-03 -1.672409e-03
2.722656e+02 -1.425950e-03 -1.706213e-03
2.724609e+02 -1.474405e-03 -1.738175e-03
2.726562e+02 -1.525900e-03 -1.767987e-03
2.728516e+02 -1.576834e-03 -1.795331e-03
2.730469e+02 -1.624096e-03 -1.819947e-03
2.732422e+02 -1.665240e-03 -1.841686e-03
2.734375e+02 -1.698537e-03 -1.860534e-03
2.736328e+02 -1.722960e-03 -1.876620e-03
2.738281e+02 -1.738117e-03 -1.890187e-03
2.740234e+02 -1.744171e-03 -1.901555e-03
2.742188e+02 -1.741757e-03 -1.911075e-03
2.744141e+02 -1.731915e-03 -1.919095e-03
2.746094e+02 -1.716020e-03 -1.925936e-03
2.748047e+02 -1.695700e-03 -1.931877e-03
2.750000e+02 -1.672735e-03 -1.937164e-03
2.751953e+02 -1.648922e-03 -1.942003e-03
2.753906e+02 -1.625914e-03 -1.946554e-03
2.755859e+02 -1.605055e-03 -1.950914e-03
2.757812e+02 -1.587234e-03 -1.955083e-03
2.759766e+02 -1.572800e-03 -1.958915e-03
2.761719e+02 -1.561544e-03 -1.962080e-03
2.763672e+02 -1.552770e-03 -1.964022e-03
2.765625e+02 -1.545428e-03 -1.963935e-03
2.767578e+02 -1.538299e-03 -1.960774e-03
2.769531e+02 -1.530179e-03 -1.953285e-03
2.771484e+02 -1.520053e-03 -1.940070e-03
2.773438e+02 -1.507216e-03 -1.919685e-03
2.775391e+02 -1.491351e-03 -1.890737e-03
2.777344e+02 -1.472540e-03 -1.852007e-03
2.779297e+02 -1.451227e-03 -1.802548e-03
2.781250e+02 -1.428127e-03 -1.741772e-03
2.783203e+02 -1.404098e-03 -1.669498e-03
2.785156e+02 -1.379978e-03 -1.585966e-03
2.787109e+02 -1.356420e-03 -1.491814e-03
2.789062e+02 -1.333730e-03 -1.388014e-03
2.791016e+02 -1.311762e-03 -1.275793e-03
2.792969e+02 -1.289874e-03 -1.156536e-03
2.794922e+02 -1.266977e-03 -1.031689e-03
2.796875e+02 -1.241674e-03 -9.026832e-04
2.798828e+02 -1.212468e-03 -7.708689e-04
2.800781e+02 -1.178010e-03 -6.374787e-04
2.802734e+02 -1.137348e-03 -5.036082e-04
2.804688e+02 -1.090118e-03 -3.702134e-04
2.806641e+02 -1.036659e-03 -2.381183e-04
2.808594e+02 -9.780154e-04 -1.080263e-04
2.810547e+02 -9.158259e-04 1.946826e-05
2.812500e+02 -8.521212e-04 1.438688e-04
2.814453e+02 -7.890541e-04 2.647673e-04
2.816406e+02 -7.286127e-04 3.818338e-04
2.818359e+02 -6.723605e-04 4.948040e-04
2.820312e+02 -6.212507e-04 6.034633e-04
2.822266e+02 -5.755418e-04 7.076265e-04
2.824219e+02 -5.348283e-04 8.071172e-04
2.826172e+02 -4.981742e-04 9.017481e-04
2.828125e+02 -4.643211e-04 9.913110e-04
2.830078e+02 -4.319292e-04 1.075578e-03
2.832031e+02 -3.998081e-04 1.154321e-03
2.833984e+02 -3.670962e-04 1.227341e-03
2.835938e+02 -3.333661e-04 1.294512e-03
2.837891e+02 -2.986442e-04 1.355816e-03
2.839844e+02 -2.633532e-04 1.411365e-03
2.841797e+02 -2.281985e-04 1.461399e-03
2.843750e+02 -1.940263e-04 1.506261e-03
2.845703e+02 -1.616860e-04 1.546343e-03
2.847656e+02 -1.319221e-04 1.582022e-03
2.849609e+02 -1.053159e-04 1.613598e-03
2.851562e+02 -8.228095e-05 1.641240e-03
2.853516e+02 -6.311099e-05 1.664962e-03
2.855469e+02 -4.806255e-05 1.684617e-03
2.857422e+02 -3.745335e-05 1.699920e-03
2.859375e+02 -3.175272e-05 1.710487e-03
2.861328e+02 -3.164364e-05 1.715880e-03
2.863281e+02 -3.804233e-05 1.715659e-03
2.865234e+02 -5.206905e-05 1.709428e-03
2.867188e+02 -7.497320e-05 1.696871e-03
2.869141e+02 -1.080229e-04 1.677779e-03
2.871094e+02 -1.523750e-04 1.652069e-03
2.873047e+02 -2.089423e-04 1.619788e-03
2.875000e+02 -2.782764e-04 1.581116e-03
2.876953e+02 -3.604784e-04 1.536355e-03
2.878906e+02 -4.551479e-04 1.485920e-03
2.880859e+02 -5.613733e-04 1.430318e-03
2.882812e+02 -6.777647e-04 1.370131e-03
2.884766e+02 -8.025241e-04 1.305988e-03
2.886719e+02 -9.335465e-04 1.238537e-03
2.888672e+02 -1.068541e-03 1.168414e-03
2.890625e+02 -1.205162e-03 1.096204e-03
2.892578e+02 -1.341132e-03 1.022414e-03
2.894531e+02 -1.474355e-03 9.474408e-04
2.896484e+02 -1.603002e-03 8.715617e-04
2.898438e+02 -1.725571e-03 7.949316e-04
2.900391e+02 -1.840929e-03 7.176034e-04
2.902344e+02 -1.948331e-03 6.395592e-04
2.904297e+02 -2.047428e-03 5.607512e-04
2.906250e+02 -2.138268e-03 4.811416e-04
2.908203e+02 -2.221283e-03 4.007364e-04
2.910156e+02 -2.297264e-03 3.196080e-04
2.912109e+02 -2.367311e-03 2.379053e-04
2.914062e+02 -2.432776e-03 1.558517e-04
2.916016e+02 -2.495173e-03 7.373595e-05
2.917969e+02 -2.556079e-03 -8.103243e-06
2.919922e+02 -2.617028e-03 -8.929467e-05
2.921875e+02 -2.679414e-03 -1.694533e-04
2.923828e+02 -2.744405e-03 -2.481987e-04
2.925781e+02 -2.812893e-03 -3.251706e-04
2.927734e+02 -2.885476e-03 -4.000414e-04
2.929688e+02 -2.962479e-03 -4.725223e-04
2.931641e+02 -3.044005e-03 -5.423630e-04
2.933594e+02 -3.130009e-03 -6.093450e-04
2.935547e+02 -3.220383e-03 -6.732718e-04
2.937500e+02 -3.315024e-03 -7.339592e-04
2.939453e+02 -3.413885e-03 -7.912289e-04
2.941406e+02 -3.517003e-03 -8.449072e-04
2.943359e+02 -3.624477e-03 -8.948303e-04
2.945312e+02 -3.736431e-03 -9.408522e-04
2.947266e+02 -3.852948e-03 -9.828522e-04
2.949219e+02 -3.973990e-03 -1.020738e-03
2.951172e+02 -4.099318e-03 -1.054440e-03
2.953125e+02 -4.228432e-03 -1.083893e-03
2.955078e+02 -4.360518e-03 -1.109015e-03
2.957031e+02 -4.494444e-03 -1.129669e-03
2.958984e+02 -4.628781e-03 -1.145628e-03
2.960938e+02 -4.761872e-03 -1.156547e-03
2.962891e+02 -4.891927e-03 -1.161938e-03
2.964844e+02 -5.017151e-03 -1.161177e-03
2.966797e+02 -5.135866e-03 -1.153528e-03
2.968750e+02 -5.246639e-03 -1.138193e-03
2.970703e+02 -5.348371e-03 -1.114393e-03
2.972656e+02 -5.440360e-03 -1.081450e-03
2.974609e+02 -5.522310e-03 -1.038871e-03
2.976562e+02 -5.594314e-03 -9.864158e-04
2.978516e+02 -5.656792e-03 -9.241200e-04
2.980469e+02 -5.710422e-03 -8.522917e-04
2.982422e+02 -5.756050e-03 -7.714653e-04
2.984375e+02 -5.794612e-03 -6.823316e-04
2.986328e+02 -5.827052e-03 -5.856604e-04
2.988281e+02 -5.854255e-03 -4.822301e-04
2.990234e+02 -5.876988e-03 -3.727797e-04
2.992188e+02 -5.895841e-03 -2.579892e-04
2.994141e+02 -5.911182e-03 -1.384892e-04
2.996094e+02 -5.923110e-03 -1.489193e-05
2.998047e+02 -5.931425e-03 1.121660e-04
3.000000e+02 -5.935623e-03 2.419801e-04
3.001953e+02 -5.934912e-03 3.737439e-04
3.003906e+02 -5.928259e-03 5.065286e-04
3.005859e+02 -5.914473e-03 6.392789e-04
3.007812e+02 -5.892315e-03 7.708222e-04
3.009766e+02 -5.860612e-03 8.998912e-04
3.011719e+02 -5.818374e-03 1.025156e-03
3.013672e+02 -5.764901e-03 1.145270e-03
3.015625e+02 -5.699851e-03 1.258921e-03
3.017578e+02 -5.623283e-03 1.364894e-03
3.019531e+02 -5.535669e-03 1.462136e-03
3.021484e+02 -5.437873e-03 1.549809e-03
3.023438e+02 -5.331106e-03 1.627329e-03
3.025391e+02 -5.216863e-03 1.694381e-03
3.027344e+02 -5.096840e-03 1.750899e-03
3.029297e+02 -4.972829e-03 1.797028e-03
3.031250e+02 -4.846619e-03 1.833060e-03
3.033203e+02 -4.719873e-03 1.859363e-03
3.035156e+02 -4.594030e-03 1.876326e-03
3.037109e+02 -4.470221e-03 1.884303e-03
3.039062e+02 -4.349206e-03 1.883593e-03
3.041016e+02 -4.231357e-03 1.874437e-03
3.042969e+02 -4.116668e-03 1.857032e-03
3.044922e+02 -4.004797e-03 1.831563e-03
3.046875e+02 -3.895143e-03 1.798233e-03
3.048828e+02 -3.786922e-03 1.757288e-03
3.050781e+02 -3.679262e-03 1.709030e-03
3.052734e+02 -3.571275e-03 1.653820e-03
3.054688e+02 -3.462116e-03 1.592064e-03
3.056641e+02 -3.351016e-03 1.524194e-03
3.058594e+02 -3.237282e-03 1.450651e-03
3.060547e+02 -3.120288e-03 1.371871e-03
3.062500e+02 -2.999452e-03 1.288283e-03
3.064453e+02 -2.874209e-03 1.200326e-03
3.066406e+02 -2.743998e-03 1.108467e-03
3.068359e+02 -2.608261e-03 1.013235e-03
3.070312e+02 -2.466446e-03 9.152375e-04
3.072266e+02 -2.318027e-03 8.151796e-04
3.074219e+02 -2.162522e-03 7.138558e-04
3.076172e+02 -1.999525e-03 6.121239e-04
3.078125e+02 -1.828732e-03 5.108584e-04
3.080078e+02 -1.649971e-03 4.108896e-04
3.082031e+02 -1.463235e-03 3.129390e-04
3.083984e+02 -1.268707e-03 2.175619e-04
3.085938e+02 -1.066780e-03 1.251097e-04
3.087891e+02 -8.580624e-04 3.572013e-05
3.089844e+02 -6.433750e-04 -5.065969e-05
3.091797e+02 -4.237170e-04 -1.342201e-04
3.093750e+02 -2.002211e-04 -2.152136e-04
3.095703e+02 2.591067e-05 -2.938703e-04
3.097656e+02 2.534822e-04 -3.703192e-04
3.099609e+02 4.813791e-04 -4.445299e-04
3.101562e+02 7.086373e-04 -5.162838e-04
3.103516e+02 9.344934e-04 -5.851799e-04
3.105469e+02 1.158411e-03 -6.506703e-04
3.107422e+02 1.380076e-03 -7.121184e-04
3.109375e+02 1.599371e-03 -7.688654e-04
3.111328e+02 1.816320e-03 -8.202911e-04
3.113281e+02 2.031023e-03 -8.658599e-04
3.115234e+02 2.243587e-03 -9.051435e-04
3.117188e+02 2.454065e-03 -9.378213e-04
3.119141e+02 2.662408e-03 -9.636644e-04
3.121094e+02 2.868435e-03 -9.825106e-04
3.123047e+02 3.071826e-03 -9.942428e-04
3.125000e+02 3.272131e-03 -9.987794e-04
3.126953e+02 3.468790e-03 -9.960822e-04
3.128906e+02 3.661158e-03 -9.861851e-04
3.130859e+02 3.848524e-03 -9.692405e-04
3.132812e+02 4.030131e-03 -9.455789e-04
3.134766e+02 4.205182e-03 -9.157703e-04
3.136719e+02 4.372838e-03 -8.806780e-04
3.138672e+02 4.532221e-03 -8.414902e-04
3.140625e+02 4.682412e-03 -7.997188e-04
3.142578e+02 4.822448e-03 -7.571543e-04
3.144531e+02 4.951328e-03 -7.157740e-04
3.146484e+02 5.068008e-03 -6.776076e-04
3.148438e+02 5.171388e-03 -6.445701e-04
3.150391e+02 5.260298e-03 -6.182836e-04
3.152344e+02 5.333464e-03 -5.999110e-04
3.154297e+02 5.389492e-03 -5.900261e-04
3.156250e+02 5.426871e-03 -5.885413e-04
3.158203e+02 5.444020e-03 -5.947048e-04
3.160156e+02 5.439410e-03 -6.071731e-04
3.162109e+02 5.411735e-03 -6.241511e-04
3.164062e+02 5.360144e-03 -6.435886e-04
3.166016e+02 5.284474e-03 -6.634134e-04
3.167969e+02 5.185447e-03 -6.817749e-04
3.169922e+02 5.064774e-03 -6.972731e-04
3.171875e+02 4.925133e-03 -7.091438e-04
3.173828e+02 4.770023e-03 -7.173732e-04
3.175781e+02 4.603514e-03 -7.227250e-04
3.177734e+02 4.429940e-03 -7.266663e-04
3.179688e+02 4.253594e-03 -7.311996e-04
3.181641e+02 4.078454e-03 -7.386142e-04
3.183594e+02 3.907962e-03 -7.511900e-04
3.185547e+02 3.744850e-03 -7.708934e-04
3.187500e+02 3.590995e-03 -7.991107e-04
3.189453e+02 3.447309e-03 -8.364607e-04
3.191406e+02 3.313667e-03 -8.827151e-04
3.193359e+02 3.188884e-03 -9.368358e-04
3.195312e+02 3.070785e-03 -9.971192e-04
3.197266e+02 2.956371e-03 -1.061414e-03
3.199219e+02 2.842071e-03 -1.127375e-03
3.201172e+02 2.724079e-03 -1.192705e-03
3.203125e+02 2.598724e-03 -1.255357e-03
3.205078e+02 2.462830e-03 -1.313665e-03
3.207031e+02 2.314039e-03 -1.366408e-03
3.208984e+02 2.151042e-03 -1.412797e-03
3.210938e+02 1.973728e-03 -1.452415e-03
3.212891e+02 1.783227e-03 -1.485112e-03
3.214844e+02 1.581850e-03 -1.510899e-03
3.216797e+02 1.372944e-03 -1.529827e-03
3.218750e+02 1.160675e-03 -1.541908e-03
3.220703e+02 9.497449e-04 -1.547053e-03
3.222656e+02 7.450852e-04 -1.545061e-03
3.224609e+02 5.515315e-04 -1.535645e-03
3.226562e+02 3.735198e-04 -1.518492e-03
3.228516e+02 2.148214e-04 -1.493341e-03
3.230469e+02 7.833640e-05 -1.460072e-03
3.232422e+02 -3.404029e-05 -1.418775e-03
3.234375e+02 -1.214778e-04 -1.369804e-03
3.236328e+02 -1.841951e-04 -1.313795e-03
3.238281e+02 -2.233820e-04 -1.251656e-03
3.240234e+02 -2.410673e-04 -1.184533e-03
3.242188e+02 -2.399472e-04 -1.113759e-03
3.244141e+02 -2.231851e-04 -1.040792e-03
3.246094e+02 -1.941938e-04 -9.671601e-04
3.248047e+02 -1.564109e-04 -8.943999e-04
3.250000e+02 -1.130770e-04 -8.240011e-04
3.251953e+02 -6.703158e-05 -7.573560e-04
3.253906e+02 -2.054341e-05 -6.957111e-04
3.255859e+02 2.480573e-05 -6.401242e-04
3.257812e+02 6.816847e-05 -5.914282e-04
3.259766e+02 1.094018e-04 -5.502037e-04
3.261719e+02 1.489637e-04 -5.167629e-04
3.263672e+02 1.877536e-04 -4.911449e-04
3.265625e+02 2.269244e-04 -4.731238e-04
3.267578e+02 2.676989e-04 -4.622274e-04
3.269531e+02 3.112192e-04 -4.577669e-04
3.271484e+02 3.584512e-04 -4.588772e-04
3.273438e+02 4.101468e-04 -4.645664e-04
3.275391e+02 4.668580e-04 -4.737754e-04
3.277344e+02 5.289796e-04 -4.854454e-04
3.279297e+02 5.967965e-04 -4.985899e-04
3.281250e+02 6.705103e-04 -5.123660e-04
3.283203e+02 7.502302e-04 -5.261363e-04
3.285156e+02 8.359280e-04 -5.395140e-04
3.287109e+02 9.273711e-04 -5.523826e-04
3.289062e+02 1.024062e-03 -5.648866e-04
3.291016e+02 1.125218e-03 -5.773910e-04
3.292969e+02 1.229821e-03 -5.904172e-04
3.294922e+02 1.336756e-03 -6.045628e-04
3.296875e+02 1.445031e-03 -6.204178e-04
3.298828e+02 1.554044e-03 -6.384907e-04
3.300781e+02 1.663843e-03 -6.591528e-04
3.302734e+02 1.775313e-03 -6.826060e-04
3.304688e+02 1.890210e-03 -7.088762e-04
3.306641e+02 2.011010e-03 -7.378257e-04
3.308594e+02 2.140550e-03 -7.691806e-04
3.310547e+02 2.281499e-03 -8.025663e-04
3.312500e+02 2.435705e-03 -8.375447e-04
3.314453e+02 2.603532e-03 -8.736533e-04
3.316406e+02 2.783270e-03 -9.104436e-04
3.318359e+02 2.970738e-03 -9.475209e-04
3.320312e+02 3.159166e-03 -9.845855e-04
3.322266e+02 3.339445e-03 -1.021475e-03
3.324219e+02 3.500789e-03 -1.058207e-03
3.326172e+02 3.631809e-03 -1.095012e-03
3.328125e+02 3.721890e-03 -1.132358e-03
3.330078e+02 3.762695e-03 -1.170963e-03
3.332031e+02 3.749504e-03 -1.211774e-03
3.333984e+02 3.682108e-03 -1.255927e-03
3.335938e+02 3.565023e-03 -1.304669e-03
3.337891e+02 3.406960e-03 -1.359258e-03
3.339844e+02 3.219658e-03 -1.420838e-03
3.341797e+02 3.016332e-03 -1.490308e-03
3.343750e+02 2.810062e-03 -1.568196e-03
3.345703e+02 2.612406e-03 -1.654578e-03
3.347656e+02 2.432422e-03 -1.749026e-03
3.349609e+02 2.276162e-03 -1.850625e-03
3.351562e+02 2.146619e-03 -1.958035e-03
3.353516e+02 2.044019e-03 -2.069599e-03
3.355469e+02 1.966382e-03 -2.183478e-03
3.357422e+02 1.910218e-03 -2.297790e-03
3.359375e+02 1.871279e-03 -2.410744e-03
3.361328e+02 1.845269e-03 -2.520742e-03
3.363281e+02 1.828439e-03 -2.626466e-03
3.365234e+02 1.817985e-03 -2.726929e-03
3.367188e+02 1.812242e-03 -2.821493e-03
3.369141e+02 1.810636e-03 -2.909882e-03
3.371094e+02 1.813468e-03 -2.992154e-03
3.373047e+02 1.821570e-03 -3.068675e-03
3.375000e+02 1.835931e-03 -3.140059e-03
3.376953e+02 1.857357e-03 -3.207108e-03
3.378906e+02 1.886222e-03 -3.270726e-03
3.380859e+02 1.922342e-03 -3.331837e-03
3.382812e+02 1.964969e-03 -3.391294e-03
3.384766e+02 2.012883e-03 -3.449813e-03
3.386719e+02 2.064548e-03 -3.507915e-03
3.388672e+02 2.118308e-03 -3.565911e-03
3.390625e+02 2.172592e-03 -3.623903e-03
3.392578e+02 2.226102e-03 -3.681823e-03
3.394531e+02 2.277987e-03 -3.739476e-03
3.396484e+02 2.327975e-03 -3.796599e-03
3.398438e+02 2.376465e-03 -3.852894e-03
3.400391e+02 2.424554e-03 -3.908057e-03
3.402344e+02 2.473989e-03 -3.961767e-03
3.404297e+02 2.527043e-03 -4.013657e-03
3.406250e+02 2.586301e-03 -4.063261e-03
3.408203e+02 2.654396e-03 -4.109956e-03
3.410156e+02 2.733713e-03 -4.152901e-03
3.412109e+02 2.826117e-03 -4.190999e-03
3.414062e+02 2.932735e-03 -4.222882e-03
3.416016e+02 3.053834e-03 -4.246934e-03
3.417969e+02 3.188805e-03 -4.261338e-03
3.419922e+02 3.336260e-03 -4.264165e-03
3.421875e+02 3.494208e-03 -4.253474e-03
3.423828e+02 3.660283e-03 -4.227439e-03
3.425781e+02 3.831982e-03 -4.184474e-03
3.427734e+02 4.006877e-03 -4.123366e-03
3.429688e+02 4.182765e-03 -4.043390e-03
3.431641e+02 4.357748e-03 -3.944420e-03
3.433594e+02 4.530233e-03 -3.826994e-03
3.435547e+02 4.698881e-03 -3.692349e-03
3.437500e+02 4.862507e-03 -3.542397e-03
3.439453e+02 5.019974e-03 -3.379641e-03
3.441406e+02 5.170108e-03 -3.207044e-03
3.443359e+02 5.311642e-03 -3.027848e-03
3.445312e+02 5.443224e-03 -2.845367e-03
3.447266e+02 5.563482e-03 -2.662787e-03
3.449219e+02 5.671140e-03 -2.482979e-03
3.451172e+02 5.765186e-03 -2.308357e-03
3.453125e+02 5.845039e-03 -2.140776e-03
3.455078e+02 5.910710e-03 -1.981483e-03
3.457031e+02 5.962904e-03 -1.831105e-03
3.458984e+02 6.003043e-03 -1.689661e-03
3.460938e+02 6.033196e-03 -1.556600e-03
3.462891e+02 6.055921e-03 -1.430821e-03
3.464844e+02 6.074031e-03 -1.310705e-03
3.466797e+02 6.090326e-03 -1.194133e-03
3.468750e+02 6.107327e-03 -1.078504e-03
3.470703e+02 6.127044e-03 -9.607658e-04
3.472656e+02 6.150820e-03 -8.374850e-04
3.474609e+02 6.179246e-03 -7.049577e-04
3.476562e+02 6.212171e-03 -5.593946e-04
3.478516e+02 6.248776e-03 -3.971875e-04
3.480469e+02 6.287713e-03 -2.152615e-04
3.482422e+02 6.327268e-03 -1.150026e-05
3.484375e+02 6.365549e-03 2.147924e-04
3.486328e+02 6.400656e-03 4.624642e-04
3.488281e+02 6.430842e-03 7.282140e-04
3.490234e+02 6.454633e-03 1.006529e-03
3.492188e+02 6.470908e-03 1.289940e-03
3.494141e+02 6.478924e-03 1.569622e-03
3.496094e+02 6.478285e-03 1.836256e-03
3.498047e+02 6.468864e-03 2.081005e-03
3.500000e+02 6.450679e-03 2.296398e-03
3.501953e+02 6.423763e-03 2.476961e-03
3.503906e+02 6.388038e-03 2.619496e-03
3.505859e+02 6.343215e-03 2.723033e-03
3.507812e+02 6.288752e-03 2.788535e-03
3.509766e+02 6.223866e-03 2.818458e-03
3.511719e+02 6.147596e-03 2.816289e-03
3.513672e+02 6.058910e-03 2.786115e-03
3.515625e+02 5.956839e-03 2.732279e-03
3.517578e+02 5.840614e-03 2.659115e-03
3.519531e+02 5.709792e-03 2.570761e-03
3.521484e+02 5.564342e-03 2.471047e-03
3.523438e+02 5.404711e-03 2.363418e-03
3.525391e+02 5.231825e-03 2.250904e-03
3.527344e+02 5.047055e-03 2.136106e-03
3.529297e+02 4.852147e-03 2.021219e-03
3.531250e+02 4.649106e-03 1.908048e-03
3.533203e+02 4.440079e-03 1.798056e-03
3.535156e+02 4.227216e-03 1.692397e-03
3.537109e+02 4.012549e-03 1.591957e-03
3.539062e+02 3.797886e-03 1.497383e-03
3.541016e+02 3.584725e-03 1.409108e-03
3.542969e+02 3.374204e-03 1.327363e-03
3.544922e+02 3.167079e-03 1.252183e-03
3.546875e+02 2.963726e-03 1.183402e-03
3.548828e+02 2.764187e-03 1.120662e-03
3.550781e+02 2.568242e-03 1.063405e-03
3.552734e+02 2.375513e-03 1.010887e-03
3.554688e+02 2.185598e-03 9.621912e-04
3.556641e+02 1.998205e-03 9.162489e-04
3.558594e+02 1.813290e-03 8.718773e-04
3.560547e+02 1.631155e-03 8.278205e-04
3.562500e+02 1.452495e-03 7.827997e-04
3.564453e+02 1.278388e-03 7.355651e-04
3.566406e+02 1.110216e-03 6.849478e-04
3.568359e+02 9.495388e-04 6.299037e-04
3.570312e+02 7.979359e-04 5.695505e-04
3.572266e+02 6.568424e-04 5.031946e-04
3.574219e+02 5.274020e-04 4.303499e-04
3.576172e+02 4.103561e-04 3.507508e-04
3.578125e+02 3.059758e-04 2.643581e-04
3.580078e+02 2.140398e-04 1.713576e-04
3.582031e+02 1.338537e-04 7.214745e-05
3.583984e+02 6.429910e-05 -3.268706e-05
3.585938e+02 3.906131e-06 -1.424136e-04
3.587891e+02 -4.906090e-05 -2.562040e-04
3.589844e+02 -9.650995e-05 -3.731909e-04
3.591797e+02 -1.404246e-04 -4.925223e-04
3.593750e+02 -1.827683e-04 -6.134065e-04
3.595703e+02 -2.253953e-04 -7.351436e-04
3.597656e+02 -2.699736e-04 -8.571424e-04
3.599609e+02 -3.179271e-04 -9.789269e-04
3.601562e+02 -3.704031e-04 -1.100136e-03
3.603516e+02 -4.282672e-04 -1.220525e-03
3.605469e+02 -4.921240e-04 -1.339960e-03
3.607422e+02 -5.623577e-04 -1.458427e-03
3.609375e+02 -6.391815e-04 -1.576022e-03
3.611328e+02 -7.226848e-04 -1.692946e-03
3.613281e+02 -8.128685e-04 -1.809484e-03
3.615234e+02 -9.096620e-04 -1.925972e-03
3.617188e+02 -1.012921e-03 -2.042761e-03
3.619141e+02 -1.122408e-03 -2.160166e-03
3.621094e+02 -1.237770e-03 -2.278430e-03
3.623047e+02 -1.358503e-03 -2.397687e-03
3.625000e+02 -1.483937e-03 -2.517940e-03
3.626953e+02 -1.613224e-03 -2.639056e-03
3.628906e+02 -1.745348e-03 -2.760776e-03
3.630859e+02 -1.879148e-03 -2.882735e-03
3.632812e+02 -2.013367e-03 -3.004492e-03
3.634766e+02 -2.146715e-03 -3.125564e-03
3.636719e+02 -2.277942e-03 -3.245460e-03
3.638672e+02 -2.405927e-03 -3.363708e-03
3.640625e+02 -2.529758e-03 -3.479883e-03
3.642578e+02 -2.648814e-03 -3.593618e-03
3.644531e+02 -2.762815e-03 -3.704611e-03
3.646484e+02 -2.871859e-03 -3.812626e-03
3.648438e+02 -2.976408e-03 -3.917482e-03
3.650391e+02 -3.077236e-03 -4.019032e-03
3.652344e+02 -3.175337e-03 -4.117147e-03
3.654297e+02 -3.271798e-03 -4.211698e-03
3.656250e+02 -3.367648e-03 -4.302534e-03
3.658203e+02 -3.463713e-03 -4.389474e-03
3.660156e+02 -3.560480e-03 -4.472303e-03
3.662109e+02 -3.658008e-03 -4.550775e-03
3.664062e+02 -3.755879e-03 -4.624624e-03
3.666016e+02 -3.853204e-03 -4.693580e-03
3.667969e+02 -3.948679e-03 -4.757378e-03
3.669922e+02 -4.040669e-03 -4.815777e-03
3.671875e+02 -4.127327e-03 -4.868566e-03
3.673828e+02 -4.206703e-03 -4.915576e-03
3.675781e+02 -4.276860e-03 -4.956676e-03
3.677734e+02 -4.335970e-03 -4.991792e-03
3.679688e+02 -4.382400e-03 -5.020905e-03
3.681641e+02 -4.414788e-03 -5.044078e-03
3.683594e+02 -4.432098e-03 -5.061472e-03
3.685547e+02 -4.433679e-03 -5.073372e-03
3.687500e+02 -4.419290e-03 -5.080216e-03
3.689453e+02 -4.389113e-03 -5.082604e-03
3.691406e+02 -4.343729e-03 -5.081308e-03
3.693359e+02 -4.284059e-03 -5.077256e-03
3.695312e+02 -4.211279e-03 -5.071490e-03
3.697266e+02 -4.126715e-03 -5.065110e-03
3.699219e+02 -4.031738e-03 -5.059195e-03
3.701172e+02 -3.927669e-03 -5.054712e-03
3.703125e+02 -3.815730e-03 -5.052437e-03
3.705078e+02 -3.697019e-03 -5.052883e-03
3.707031e+02 -3.572534e-03 -5.056257e-03
3.708984e+02 -3.443219e-03 -5.062448e-03
3.710938e+02 -3.310030e-03 -5.071059e-03
3.712891e+02 -3.173992e-03 -5.081455e-03
3.714844e+02 -3.036243e-03 -5.092847e-03
3.716797e+02 -2.898048e-03 -5.104367e-03
3.718750e+02 -2.760790e-03 -5.115150e-03
3.720703e+02 -2.625920e-03 -5.124390e-03
3.722656e+02 -2.494896e-03 -5.131379e-03
3.724609e+02 -2.369097e-03 -5.135523e-03
3.726562e+02 -2.249743e-03 -5.136337e-03
3.728516e+02 -2.137812e-03 -5.133434e-03
3.730469e+02 -2.033978e-03 -5.126501e-03
3.732422e+02 -1.938559e-03 -5.115284e-03
3.734375e+02 -1.851497e-03 -5.099563e-03
3.736328e+02 -1.772356e-03 -5.079133e-03
3.738281e+02 -1.700340e-03 -5.053797e-03
3.740234e+02 -1.634334e-03 -5.023354e-03
3.742188e+02 -1.572967e-03 -4.987609e-03
3.744141e+02 -1.514679e-03 -4.946383e-03
3.746094e+02 -1.457809e-03 -4.899539e-03
3.748047e+02 -1.400673e-03 -4.847001e-03
3.750000e+02 -1.341653e-03 -4.788773e-03
3.751953e+02 -1.279264e-03 -4.724951e-03
3.753906e+02 -1.212215e-03 -4.655715e-03
3.755859e+02 -1.139457e-03 -4.581313e-03
3.757812e+02 -1.060204e-03 -4.502029e-03
3.759766e+02 -9.739598e-04 -4.418144e-03
3.761719e+02 -8.805208e-04 -4.329897e-03
3.763672e+02 -7.799838e-04 -4.237450e-03
3.765625e+02 -6.727431e-04 -4.140854e-03
3.767578e+02 -5.594839e-04 -4.040046e-03
3.769531e+02 -4.411642e-04 -3.934844e-03
3.771484e+02 -3.189811e-04 -3.824972e-03
3.773438e+02 -1.943182e-04 -3.710097e-03
3.775391e+02 -6.867219e-05 -3.589880e-03
3.777344e+02 5.643631e-05 -3.464036e-03
3.779297e+02 1.795578e-04 -3.332400e-03
3.781250e+02 2.994005e-04 -3.194984e-03
3.783203e+02 4.148944e-04 -3.052043e-03
3.785156e+02 5.252210e-04 -2.904112e-03
3.787109e+02 6.298030e-04 -2.752036e-03
3.789062e+02 7.282602e-04 -2.596979e-03
3.791016e+02 8.203407e-04 -2.440396e-03
3.792969e+02 9.058458e-04 -2.283998e-03
3.794922e+02 9.845648e-04 -2.129673e-03
3.796875e+02 1.056232e-03 -1.979399e-03
3.798828e+02 1.120517e-03 -1.835141e-03
3.800781e+02 1.177041e-03 -1.698741e-03
3.802734e+02 1.225417e-03 -1.571827e-03
3.804688e+02 1.265310e-03 -1.455732e-03
3.806641e+02 1.296487e-03 -1.351442e-03
3.808594e+02 1.318860e-03 -1.259582e-03
3.810547e+02 1.332503e-03 -1.180423e-03
3.812500e+02 1.337642e-03 -1.113923e-03
3.814453e+02 1.334612e-03 -1.059776e-03
3.816406e+02 1.323777e-03 -1.017476e-03
3.818359e+02 1.305449e-03 -9.863704e-04
3.820312e+02 1.279789e-03 -9.657074e-04
3.822266e+02 1.246746e-03 -9.546756e-04
3.824219e+02 1.206023e-03 -9.524292e-04
3.826172e+02 1.157108e-03 -9.581095e-04
3.828125e+02 1.099368e-03 -9.708606e-04
3.830078e+02 1.032192e-03 -9.898456e-04
3.832031e+02 9.551642e-04 -1.014263e-03
3.833984e+02 8.682393e-04 -1.043367e-03
3.835938e+02 7.718773e-04 -1.076487e-03
3.837891e+02 6.671130e-04 -1.113047e-03
3.839844e+02 5.555423e-04 -1.152592e-03
3.841797e+02 4.392298e-04 -1.194795e-03
3.843750e+02 3.205538e-04 -1.239462e-03
3.845703e+02 2.020184e-04 -1.286525e-03
3.847656e+02 8.606235e-05 -1.336006e-03
3.849609e+02 -2.510966e-05 -1.387983e-03
3.851562e+02 -1.296591e-04 -1.442534e-03
3.853516e+02 -2.262042e-04 -1.499682e-03
3.855469e+02 -3.138720e-04 -1.559346e-03
3.857422e+02 -3.923157e-04 -1.621301e-03
3.859375e+02 -4.617030e-04 -1.685161e-03
3.861328e+02 -5.226741e-04 -1.750378e-03
3.863281e+02 -5.762695e-04 -1.816257e-03
3.865234e+02 -6.238246e-04 -1.881987e-03
3.867188e+02 -6.668369e-04 -1.946679e-03
3.869141e+02 -7.068132e-04 -2.009416e-03
3.871094e+02 -7.451161e-04 -2.069295e-03
3.873047e+02 -7.828303e-04 -2.125473e-03
3.875000e+02 -8.206721e-04 -2.177210e-03
3.876953e+02 -8.589561e-04 -2.223912e-03
3.878906e+02 -8.976275e-04 -2.265156e-03
3.880859e+02 -9.363512e-04 -2.300722e-03
3.882812e+02 -9.746399e-04 -2.330597e-03
3.884766e+02 -1.011999e-03 -2.354970e-03
3.886719e+02 -1.048060e-03 -2.374213e-03
3.888672e+02 -1.082680e-03 -2.388842e-03
3.890625e+02 -1.116000e-03 -2.399468e-03
3.892578e+02 -1.148445e-03 -2.406748e-03
3.894531e+02 -1.180678e-03 -2.411331e-03
3.896484e+02 -1.213502e-03 -2.413819e-03
3.898438e+02 -1.247728e-03 -2.414736e-03
3.900391e+02 -1.284026e-03 -2.414511e-03
3.902344e+02 -1.322762e-03 -2.413474e-03
3.904297e+02 -1.363855e-03 -2.411865e-03
3.906250e+02 -1.406676e-03 -2.409848e-03
3.908203e+02 -1.450004e-03 -2.407525e-03
3.910156e+02 -1.492051e-03 -2.404961e-03
3.912109e+02 -1.530562e-03 -2.402200e-03
3.914062e+02 -1.562975e-03 -2.399284e-03
3.916016e+02 -1.586617e-03 -2.396268e-03
3.917969e+02 -1.598916e-03 -2.393235e-03
3.919922e+02 -1.597607e-03 -2.390297e-03
3.921875e+02 -1.580912e-03 -2.387597e-03
3.923828e+02 -1.547694e-03 -2.385300e-03
3.925781e+02 -1.497579e-03 -2.383573e-03
3.927734e+02 -1.431054e-03 -2.382574e-03
3.929688e+02 -1.349531e-03 -2.382430e-03
3.931641e+02 -1.255376e-03 -2.383223e-03
3.933594e+02 -1.151882e-03 -2.384994e-03
3.935547e+02 -1.043161e-03 -2.387738e-03
3.937500e+02 -9.339450e-04 -2.391422e-03
3.939453e+02 -8.292801e-04 -2.395990e-03
3.941406e+02 -7.341366e-04 -2.401377e-03
3.943359e+02 -6.529677e-04 -2.407508e-03
3.945312e+02 -5.892844e-04 -2.414295e-03
3.947266e+02 -5.453142e-04 -2.421631e-03
3.949219e+02 -5.218045e-04 -2.429387e-03
3.951172e+02 -5.180033e-04 -2.437404e-03
3.953125e+02 -5.318098e-04 -2.445510e-03
3.955078e+02 -5.600518e-04 -2.453517e-03
3.957031e+02 -5.988269e-04 -2.461242e-03
3.958984e+02 -6.438396e-04 -2.468508e-03
3.960938e+02 -6.906857e-04 -2.475141e-03
3.962891e+02 -7.350603e-04 -2.480973e-03
3.964844e+02 -7.728937e-04 -2.485834e-03
3.966797e+02 -8.004361e-04 -2.489552e-03
3.968750e+02 -8.143253e-04 -2.491964e-03
3.970703e+02 -8.116675e-04 -2.492922e-03
3.972656e+02 -7.901588e-04 -2.492313e-03
3.974609e+02 -7.482633e-04 -2.490068e-03
3.976562e+02 -6.854499e-04 -2.486174e-03
3.978516e+02 -6.024711e-04 -2.480665e-03
3.980469e+02 -5.016447e-04 -2.473625e-03
3.982422e+02 -3.870753e-04 -2.465175e-03
3.984375e+02 -2.647320e-04 -2.455474e-03
3.986328e+02 -1.422959e-04 -2.444723e-03
3.988281e+02 -2.871488e-05 -2.433182e-03
3.990234e+02 6.654362e-05 -2.421184e-03
3.992188e+02 1.344743e-04 -2.409163e-03
3.994141e+02 1.676011e-04 -2.397651e-03
3.996094e+02 1.609311e-04 -2.387281e-03
3.998047e+02 1.125988e-04 -2.378748e-03
